9.163421314776836880e+03
2.854596491760616573e+03
3.315345572292113047e+03
6.945985006107898698e+03
6.195881858100839963e+03
3.095967862447678726e+03
5.820191181374582811e+03
1.522080828280658579e+03
5.210455138353690018e+03
8.615975142967894499e+03
4.939090705823899953e+03
7.888161615711980630e+03
2.032068121479382398e+03
9.123105035263391983e+03
4.646939406060004330e+03
8.733741322087042136e+03
1.283768320858920333e+03
3.615388454522206757e+03
8.737383680733112215e+02
6.012508972732171060e+02
3.982693999898379843e+03
7.615730124071106729e+03
7.048775699602132590e+03
9.365391829717478686e+03
6.771614590525350650e+03
2.257341486957708639e+03
5.148381269738851188e+03
6.192020239000949005e+03
6.386789954728352313e+03
2.081957665365895082e+03
7.037508193432642656e+03
1.336970238760635823e+02
6.847576576766319704e+03
8.193796930712978792e+03
4.955004658538201511e+03
4.227267269326915084e+03
6.129311207431721414e+03
7.930277331329901926e+02
5.300432144199155118e+03
6.059763349453823139e+03
9.566031815471669688e+03
8.962100813275183100e+03
3.985803192160514072e+02
5.130064822896139049e+03
9.026071103981028500e+03
3.014235526174843926e+03
6.736641427841591394e+03
3.829028911575432630e+03
3.502287133332469693e+03
6.027422959680407985e+03
3.390103632059946904e+03
9.592539620481138627e+03
2.477080719905593924e+03
9.704044476407652837e+03
3.246674490772683384e+03
9.782135681266147003e+03
4.502272951782942073e+03
9.315801481161568518e+03
6.814830260041712791e+03
3.948623605462949399e+03
8.505574423891253900e+03
6.212679289223009619e+03
2.774214875258968277e+03
6.915961798650462242e+02
1.683281150524533487e+01
6.466470941157180278e+03
3.305681180565428349e+03
8.962899418529439117e+02
5.007852329113125961e+03
7.629862579764121620e+03
9.274668470011543832e+03
8.315125805341756859e+03
6.502321987467865256e+03
1.150285595345422735e+03
7.943897708169240104e+03
5.996611567675381593e+03
8.759940861257726283e+03
1.763734327918685040e+03
8.288330067547705767e+03
5.370494167300581466e+03
2.036734762996158452e+03
9.492224894893632154e+03
3.672983830172734088e+03
4.947840023324744834e+03
6.892161122953967606e+03
3.399933630637349324e+02
8.236674365200913599e+03
6.010140758881581178e+02
9.526066122219897807e+03
7.297201667282235576e+03
5.281244883264143027e+03
4.115266498398609656e+03
6.091849367212243124e+03
9.208263921133788244e+03
9.495880641739167913e+03
2.740334913008730382e+03
2.453574705273663312e+03
6.917551850509183851e+02
5.458441261502845009e+03
4.068320716442292905e+03
8.997672072655232114e+03
7.267956111903076817e+03
3.329168467475760281e+03
6.860884272798669372e+03
4.837988255307793224e+03
4.252688208349029992e+03
3.472089256516880596e+03
7.034240898049125462e+03
5.327028506626714261e+03
2.167382947860992317e+03
3.504807709031697414e+03
5.763091869671044151e+03
6.733604797477541069e+03
5.440969776080004522e+03
4.909054637741034639e+03
6.600165739637927800e+02
7.847199671095585472e+03
4.730694532003612949e+03
4.277365927976460625e+03
6.401948459586434183e+03
3.894102336466254201e+03
3.263550664823513671e+03
1.328954092406710515e+03
1.465073250450724117e+03
4.378241129938836593e+02
5.055090097179663644e+03
7.742714976068522446e+03
6.869747200668782170e+03
3.538156575536781475e+03
8.903200007114584878e+03
1.707346158195917042e+03
6.444554756599592110e+03
4.173481078507548773e+03
4.806520572168476065e+03
8.711853214785640375e+03
1.321918439035904385e+03
9.850336698808396250e+03
2.633089319341561350e+03
6.986966619254407078e+02
4.187160648992746133e+02
2.598509422539706975e+03
3.976682900579931811e+03
3.632444821824103201e+03
3.764620815037553257e+03
6.308222353124335314e+03
1.406332175320158512e+03
2.954408604492757149e+03
7.697997148282841408e+03
8.991006990892774411e+03
6.619645126695906583e+03
4.786426237289048913e+03
5.559374771279632341e+02
7.968303472679555171e+02
9.439776229388915453e+03
3.328669475899254394e+03
6.202138082122970673e+02
2.106494796657400911e+03
4.128954599163193961e+03
5.147089397184627160e+03
4.053638457957149058e+03
7.405577451138448851e+03
4.867524974458558972e+03
3.362647402377575418e+03
4.279592077563268504e+03
4.408274851882112671e+03
5.327750464826173811e+03
7.817555748262339876e+03
2.099309673283610664e+03
5.706768050887244499e+02
7.677982697638969512e+03
6.886229560756892170e+03
4.087279585203399620e+03
3.941482304003372064e+03
6.815674993614024970e+03
6.804983714813788538e+03
9.586008572874399079e+02
2.427962181769476501e+03
8.512127173605329517e+03
8.270359498630514281e+03
5.648336268472056872e+03
7.848356485821012939e+03
2.240049229173947879e+03
7.612573746140886215e+03
6.220462084975168182e+03
2.056591410748486851e+03
7.213442000736250520e+03
1.496816152565676703e+03
1.834837719561671747e+03
4.531175962771216291e+03
9.116267546981885971e+03
5.970275411223719857e+03
5.980688113363453340e+03
3.948527160591416305e+03
9.220503396643360247e+03
1.025512809124553542e+03
5.585313980258348238e+03
5.166022289834597359e+03
3.130325622226337600e+03
7.873262970615514860e+03
3.035536335401756787e+03
5.922980672855978810e+03
1.231069808621905395e+03
8.910177564517955034e+03
9.489697515584610301e+03
6.450208703296329077e+03
2.251024218516830388e+03
5.224450198862024990e+03
1.068174775459432567e+03
1.758387910734211346e+03
4.887913964428795225e+03
9.504353978893481326e+03
6.044949205320413967e+03
3.886708195472559510e+03
5.917707354882008076e+03
7.036216242927457643e+03
3.801837939363606722e+01
1.343971001108241126e+03
9.047258960910354290e+03
1.484784559321946915e+02
3.720485007680540548e+03
5.455948866560403985e+03
9.367333907861673651e+03
7.900491982214581185e+03
2.789806957698542647e+02
9.064858031527410276e+02
4.794703669164961866e+03
6.138542568338370984e+03
7.344030745245402613e+03
9.626281716335137389e+03
5.801763357990849727e+03
6.539861664521030434e+03
8.365440914410604819e+03
4.897807530639348442e+03
6.407515049108512358e+03
2.279265562178892196e+03
1.197344132177972142e+03
3.027335369713394357e+03
9.000237099032628976e+03
4.552339864448306798e+03
9.074872072649728580e+03
1.727335284703577145e+03
7.208045199053861325e+03
5.306175284193885773e+02
6.490096467718286476e+03
7.411655152933299178e+02
4.748554060273676782e+02
3.205201356320308605e+03
4.786285320319455423e+03
9.139006490630030385e+03
3.902354113625428454e+03
8.298253724514834175e+03
3.371530319608049467e+03
4.804704728846248145e+03
3.621237175325393309e+01
8.453122483749673847e+03
5.285435066096149058e+03
8.460855674683263715e+03
9.927564621416919181e+03
7.046526318659597564e+03
6.203664091047365218e+03
6.700080377914232486e+03
6.483444029724251777e+03
4.285353715627150450e+03
3.315057902182854832e+03
6.907022724711240699e+03
5.811192866049545046e+03
9.701974805885862224e+03
6.921441770188725968e+03
3.753512925521250963e+03
5.734076808291733869e+03
7.312974325570675319e+03
9.505886410106204494e+03
9.163621047148228172e+03
5.093108777323497634e+03
5.161183535725220281e+03
6.048907019795365159e+02
3.586440315914919665e+03
7.239296097367663606e+03
7.303887725900659461e+03
8.886873871952057016e+03
4.850599214650627800e+03
6.429193667102324980e+03
4.202751526564089545e+03
7.056569123486973695e+03
2.714073517288001312e+03
8.593729866521847725e+03
8.997966093473665751e+03
3.030753999400302291e+03
4.783176901185504903e+03
4.831426882416039007e+03
4.128840714612268130e+03
9.349749606971205139e+03
1.889626178095471460e+03
1.147597120491265741e+03
9.468654401253506876e+03
2.780765539348225047e+03
3.664031392810868965e+03
9.356000851253173096e+03
8.456118807500590265e+03
9.463811173711326774e+03
3.964280151862443745e+03
2.633861498873297933e+03
7.002754898989265712e+03
8.731777387365524191e+03
4.368369430329583338e+03
3.005290158601022085e+03
8.644856197643821361e+03
2.370050778370716216e+03
4.638513266189436763e+03
8.867940063225674749e+03
8.831887316133092099e+03
1.762639263548336430e+03
3.735505212058280449e+03
3.100696131983077521e+03
6.248072041370400257e+03
5.667246761518936182e+03
2.494566581908907665e+03
7.749722007491815930e+03
6.930273975103386874e+03
9.934512127638272432e+02
2.956059921326736458e+03
8.747694269482093659e+03
3.438824084503861741e+03
1.626134188602039330e+03
6.588442227715864647e+03
3.511586869615927753e+03
1.667955063764117085e+03
3.344842891651217997e+03
5.703693919723274121e+03
9.097220579994092304e+01
9.919618195739436487e+03
7.363748897626817779e+03
1.005002324153948052e+02
8.113973343745174134e+03
3.828530517311920903e+03
9.016719811803635821e+03
6.825659550674507955e+03
3.622999918671075648e+03
8.902825483452728804e+03
5.548141212759184782e+03
9.513965691843926834e+03
6.828570072987097774e+03
9.334699013862160427e+03
7.575397921047098862e+03
5.793723455706011919e+03
1.375707639661513213e+03
4.059344581457759432e+03
9.141969096375645449e+02
8.129374925447708847e+03
3.247689416446897667e+03
1.833213150213300196e+03
7.902115887794583614e+03
4.396785142104577972e+03
1.799941599598053017e+03
1.617372242390846850e+03
2.930226899505084475e+03
7.121664260796673261e+03
5.158638806429044962e+03
1.193441351671606981e+03
4.931188836420372354e+03
9.202050828111134251e+03
6.076106931658400754e+03
9.426666513579590173e+03
4.123647913553200851e+03
8.676032904645804592e+03
7.014341319113205827e+03
9.002762129594844737e+03
9.450405735633166842e+03
9.428735559794915389e+03
9.274862371437868205e+03
7.014404256967961373e+03
5.221924399858257857e+03
2.732970543394266315e+03
4.566857512325582320e+03
6.768281468130738176e+03
2.907092747596348545e+03
7.042715055911994568e+03
9.267908053986746381e+03
6.034805889793270580e+03
9.157138853348820703e+03
2.167858627043411161e+03
4.132614787340130533e+03
5.761487011824978254e+03
9.893785939916520874e+03
5.619803133748521759e+03
9.816097655304842192e+03
1.893507587353716644e+03
2.116506419418873975e+03
8.555371318570951189e+03
4.300226882502974149e+03
8.298185501950860271e+03
7.624401780214899418e+02
4.642841242127992132e+02
9.322101116980167035e+02
6.089324162689084005e+03
4.334166689938842865e+02
2.337257099585977812e+03
1.492477082127351423e+03
3.519658503013548398e+03
4.755022228589109545e+03
1.707755882384800543e+03
9.467569711644046038e+03
7.528967974583173600e+03
5.885208189087990831e+03
2.202562715302906895e+02
4.957609652148784676e+02
6.910877095565298077e+03
5.596366611959604597e+03
2.695824497538516425e+03
8.500019222831271691e+03
4.639529517325274355e+03
7.942434652969546960e+02
3.799735280985324692e+01
3.017040163885988022e+03
9.293931051284436762e+03
4.157376949306410097e+03
8.755453686338403713e+03
8.800037595283625706e+03
4.321520653608134126e+03
2.861850411130283646e+03
1.869406814892491639e+03
6.307784541502304819e+03
7.492285245487923930e+03
4.955889244277888793e+03
6.884083388781275062e+03
7.096669589776382054e+03
9.497356105778506389e+03
2.508517603128301289e+03
9.016473576873002003e+02
7.153537159269658332e+03
4.623910390132825341e+03
5.201699065623912247e+03
9.915641080136490928e+03
8.535755395563843194e+03
9.581842304409030476e+03
2.103153642056082845e+03
8.287184656882493073e+03
2.940327558053816574e+03
7.564916917117880075e+02
4.199537913746073173e+03
8.551137143476422352e+03
1.344962859873711068e+03
2.167861617167402073e+03
1.829612605270623362e+03
7.978254941958132804e+03
8.485968054465531168e+03
6.122860710088085398e+03
7.845444648597693231e+03
9.346315692457485056e+03
1.220652368080598308e+03
1.681384737136228011e+02
6.286761662297295516e+03
8.993452046547703503e+03
7.808321220275812266e+03
6.816774408791798123e+03
9.245566421310884834e+03
7.489176769380856058e+02
7.078292362205713289e+03
3.916437608089911009e+03
1.701269672924008091e+03
3.518706366290521146e+03
3.384873132633882733e+02
3.774845339345203229e+03
2.711427182348577389e+03
6.300258977740326372e+03
1.363377130023191512e+03
8.514658437066720580e+03
9.052530453094819677e+03
6.160320476011099345e+03
5.055762442284180906e+03
3.208236832106075326e+03
6.226450189405974925e+03
5.729062645130158671e+03
6.081872850204363203e+03
3.111180201403722094e+03
4.074996165039355219e+03
8.885786147256068261e+02
9.761234236639420487e+03
4.332213350121504845e+03
2.761977667352309254e+03
8.024265199641551590e+03
2.249904394222032352e+03
1.950371524211077940e+03
7.576621534831811005e+03
9.574772182163882462e+03
4.340638892541287532e+03
4.514155027537237402e+03
1.652908494269532412e+03
7.796486263839962703e+03
6.075319557150828587e+03
9.037826231220058617e+03
7.646213095517773581e+03
2.292474733846282561e+03
6.871274072647301182e+03
4.307934503781041713e+03
8.211088581284495376e+03
6.224059898653260461e+03
4.364474830591257160e+03
3.998622111885374579e+03
1.116235920316647707e+03
