1.013560800043492577e+03
1.736541194958628466e+03
8.754631315923294096e+03
9.928257819174772521e+03
2.450100339020615593e+03
8.810042569180985083e+03
1.713466817763127438e+03
6.545434041939101007e+03
6.871237627653503296e+03
3.988144575633561089e+03
4.274168907680361372e+03
1.742814870456740437e+03
9.952572111450128432e+03
3.522555764642661870e+03
2.865700635548553691e+03
8.848380870542443517e+03
8.601698253784090412e+03
1.729921209166656126e+03
6.920365932436760886e+03
3.660979747999317624e+03
3.857865798975190614e+02
4.692149573507980676e+03
1.959126882696014036e+03
2.499595946140155320e+03
8.324030730666459931e+03
6.441294742231363671e+03
2.303498579653063643e+03
1.891241399674736840e+03
8.174112786432142457e+03
8.997571501885059888e+02
6.809565986981903052e+01
8.165781165069086001e+02
4.565074865401555144e+03
2.775442768094310395e+03
5.554244755461974819e+03
5.251820639431916788e+03
7.585071349259750605e+03
6.812087362098516678e+03
9.937585264948069380e+03
7.239258263563464197e+02
4.063211640589088347e+03
3.939363717490383806e+03
1.540897790560277144e+03
5.760822734247539074e+02
7.935945422298184894e+03
5.355985123085644773e+03
2.976965805386811098e+03
3.513868988234336825e+02
8.495730070876539685e+03
3.250529995650830415e+02
4.114462251323257988e+03
1.558817564303798235e+03
9.068777358135317627e+03
5.635565777785467390e+02
7.424349139066781390e+03
2.748468652643116911e+03
8.220927652535396192e+03
4.719302036505461729e+03
3.257351625559920194e+03
4.427948443205784315e+03
7.977778607565868697e+03
4.087140293584061510e+03
1.504972756424917179e+03
8.724458176936514064e+03
4.493328433065650643e+03
8.246488344138006141e+03
6.468868687323616541e+03
2.539749032225866358e+03
2.948186843884392943e+02
6.040168571402845373e+03
1.221878602835073707e+03
6.746971586802083038e+03
8.142038724723432779e+02
7.318445717933286687e+03
4.959070246696549475e+03
7.145433613481613065e+03
1.245172645928048723e+03
4.235615354985400700e+03
5.184767273535365348e+03
9.859266240019942416e+03
8.388092325249748683e+03
5.052399600127782833e+03
6.376885760328152173e+03
3.454414635596968310e+03
4.164058652128680478e+03
9.172027360088752630e+02
3.653242221222483749e+03
6.531318663134900817e+03
4.255439662520789170e+03
2.957555210624036590e+03
9.848629082892752194e+03
1.529293325725840077e+03
6.943928788106896718e+03
4.906160169250359104e+03
7.077333729009555100e+03
4.435321429354923566e+03
7.124109177644853844e+03
2.172836819568493411e+03
3.993244501527904958e+03
8.865228621521790046e+03
9.117921253678172434e+03
1.044018332724045877e+03
7.189788145150695527e+03
5.372788089106472853e+02
4.036975253921354579e+03
2.509659849425257562e+03
7.595791669443418868e+03
1.257817636703852941e+03
6.273499124617667803e+03
4.123170793826324370e+03
3.476846696005473405e+03
4.835491839688177151e+02
7.650293536179045987e+03
2.268842135277275702e+03
7.225310614079754487e+03
3.024548224707327336e+03
9.760940302135899401e+03
1.341058174457804398e+03
5.755830127241634727e+03
4.156183000676933261e+03
9.569825075572252899e+03
9.816034467579731427e+03
3.320751857912309788e+03
2.123607099799761272e+03
6.645557988327047497e+03
9.223597937093793007e+03
3.024588075675801520e+03
6.480304284646002088e+03
7.866398355888496553e+03
9.869483012724254877e+03
3.996816575818495949e+03
7.161347223012353425e+03
3.307633603357773609e+03
6.697117132776120343e+03
9.575413315441172699e+02
3.515076748957550535e+03
8.576732707537119495e+03
7.803961870221392928e+03
6.113152410281563789e+03
2.779238655980726890e+03
4.764046565808750529e+03
1.449366632515125559e+02
1.106394725456307697e+03
1.296882016348901516e+03
3.841924747550381653e+03
6.597199932689032721e+03
3.933448676770462498e+03
5.739311445386598280e+03
4.191570461904300828e+03
2.779285404776221640e+03
6.334930869986753351e+03
8.239792734891185319e+03
5.896788251823233622e+03
9.919244015845528338e+03
9.608462765513055274e+03
6.319547392896620295e+03
4.745083179812843809e+03
6.850435817731192856e+02
2.071694792990948827e+03
2.672980312315305127e+03
3.312619336564588593e+03
9.579830436782265679e+03
4.657006718178029587e+03
3.436761526686521393e+03
9.303678222068496325e+03
6.900099383968478833e+03
6.979981069916741944e+03
6.581579352841358741e+03
3.637357004927539492e+03
7.791716973516078724e+03
3.676405643526069525e+03
5.518915266216228702e+03
3.555124105727714777e+03
4.180732926723518403e+02
5.962320596302268314e+03
2.515839407307454167e+03
4.523822986885335922e+03
1.069460735917276907e+03
3.504946737454603863e+03
5.585017369569467519e+03
2.886058709768254630e+03
7.037168222031664300e+03
1.479154264521129790e+03
3.188496526776020346e+03
8.056127488382208867e+03
3.443215397340730760e+03
3.526098839681494155e+03
4.590666555597711067e+02
4.703632632805220055e+03
1.407030504953508171e+03
8.350566628241514991e+03
1.442619154426383261e+02
4.919720124935133754e+01
1.711008824743813875e+03
8.605385429264071718e+03
8.633887819860483432e+03
5.409873705329553559e+03
4.624314167833403189e+03
6.903767330026636955e+03
3.012784067987057824e+03
7.573284132896262236e+03
4.475350994886108310e+03
8.818438018431077580e+03
9.120054614351123746e+03
4.834052190363036971e+03
4.915354023163671627e+03
8.886096448866563151e+03
5.781339921565702753e+03
8.660087483720872115e+03
5.848361022916619731e+03
1.540444503119168303e+03
4.100854926460758179e+03
6.690800835104050748e+03
9.262907897612160014e+03
2.614429823139831115e+03
6.174337259602061749e+03
9.599284288564185772e+03
6.028332293779380961e+02
1.567574554433021149e+03
7.618311613008927452e+03
9.675248066876025405e+03
1.162028822207823396e+03
2.894164794241242816e+03
7.650469448328432009e+03
9.492118295308526967e+02
1.810939436219829531e+03
7.766196016217347278e+03
9.537443446675208179e+03
2.879699492123115760e+03
6.561857023914875754e+03
4.953273326595683102e+03
6.734327909327074849e+03
4.490103886651859284e+03
6.342982683808395450e+02
5.964914090170707823e+03
3.543797476568281127e+03
8.716174509497652252e+03
9.686377287911946041e+03
6.655164355842764962e+03
1.881459874362745268e+03
1.104661394589537849e+03
7.640814665800191506e+03
5.510709281778345030e+03
8.425928855095742620e+03
4.988453142422848032e+03
8.089136326514927532e+03
2.911432032213022921e+03
3.381496666246684072e+03
8.758015193735363937e+03
8.776713196728669573e+02
2.486127403572222647e+03
3.847690084927396583e+03
5.984058929168194481e+03
2.559506016051068400e+03
8.002951494079262375e+03
1.315097548850688781e+03
1.752171517044586153e+03
6.464775838298366580e+03
1.436486286284876996e+02
8.464406579833232172e+03
6.647570394885395217e+03
6.563328837510500307e+03
4.402599332069231423e+03
1.419376140022867730e+03
4.687688360940178427e+02
8.720034607208584930e+03
6.808034162868450039e+03
4.998573751369323872e+03
9.523587380934464818e+03
4.662221801358090829e+02
6.276344454701077211e+02
2.477857131839263729e+03
1.317346300343529265e+03
1.367245450699416836e+02
7.200705761214591803e+03
4.529931419619378175e+03
9.763545946135243867e+03
5.266755676853876139e+03
2.864991648371433257e+03
7.823559982854574628e+03
7.791563461825132435e+03
5.227839817802715743e+02
5.236111756790742220e+03
4.317653746485359079e+03
8.188466517327779002e+03
1.564001078316557027e+02
6.515581448202972751e+03
7.909573174415906578e+03
2.092147235242858301e+02
8.154115118414355493e+03
8.297657300914723237e+03
7.637215632108085401e+02
7.251467487115664881e+03
2.445954028114196717e+03
2.967041065332842663e+03
9.379547683223781860e+03
3.088248763861673979e+03
3.681055247947728617e+02
4.562939469258748431e+03
7.569773185809436654e+03
8.314469601479506309e+03
8.814597966193638285e+02
2.589417045771912399e+03
6.516658134012205664e+03
9.070952719002396407e+03
9.747680148108198409e+03
3.625567207006241915e+03
8.837474938076507897e+03
2.161043432694673811e+03
8.803735419569900841e+03
9.720763731506698605e+03
6.354092517349763511e+03
7.735502141311686501e+03
3.204788038117939323e+03
2.862530348046578183e+03
5.676064072558166117e+03
3.555515303015226436e+03
2.085224840797243814e+03
8.307961089593612996e+03
6.725727094480326741e+03
6.920130874299867173e+03
5.717201368802537900e+02
1.162649424676753824e+03
8.688336172625487961e+03
2.826542987359380732e+03
2.983527228126477894e+03
2.288138384334996772e+03
2.497282521092747174e+03
6.843485760832811138e+03
2.810126064056509676e+03
5.123425888958188352e+02
6.489646912913871191e+00
3.477470778739756497e+03
1.867445092021312576e+03
2.829813024124283629e+02
2.292426334492489786e+03
7.175027600194155639e+03
1.360612273478445502e+02
2.956584864684800323e+03
5.758686149981580456e+03
8.839290984002132973e+03
6.708236065189707915e+03
6.006830330256377238e+03
3.322702407539068759e+02
7.082037481972159185e+03
9.828302370809611602e+03
8.946008175190203474e+03
8.351630373122476158e+03
6.924784747403597066e+03
4.137475378449865275e+03
1.668572407041023553e+03
3.803790317643335129e+03
8.420656064160975802e+03
5.124052034149692190e+03
9.670602336560254116e+03
3.508151013501395937e+03
2.270523431026683170e+02
1.591570513549589350e+03
7.177613872000640185e+03
6.646089557467401391e+03
6.089711420120172988e+03
1.821650785630535268e+02
7.413168380047625760e+03
8.094246389533786896e+03
1.794703755096375062e+03
2.052181498625826862e+03
6.933281666819256316e+03
9.882319558814966513e+03
8.497643169653578298e+03
3.798517122427287177e+03
2.142626600388975930e+03
5.305815681313157256e+03
3.073079418860158512e+03
9.556308446691484278e+03
4.610433662324912802e+03
6.698589905435429500e+03
9.571570240092918539e+03
1.426015018472037639e+02
5.324352314596555516e+03
7.176122340785138476e+03
1.480494935633380749e+02
4.465472297441100636e+03
8.228678642626400688e+03
9.485463342312254099e+03
4.530126704552083538e+03
7.737970000317917538e+02
4.389587895866996405e+03
9.694645437298895558e+03
7.919433444595754736e+03
3.470338671714554494e+03
3.396735696719757016e+03
1.529589902868472336e+03
8.406084814793464830e+03
6.836570698352184081e+02
3.166489087504439340e+03
8.302130532193605177e+03
7.916237622124802328e+03
9.903878353911553859e+03
1.246300684373966533e+03
7.253109393622595235e+03
8.674798940308306555e+03
4.572574137359008972e+01
6.203660736650355830e+03
3.203809000825403928e+03
1.611763864630272337e+03
7.372508194173452466e+03
5.754334663352768075e+03
3.842132893542546753e+03
3.343273449891082237e+03
6.481401877907326707e+03
9.468775675487388071e+03
3.623428980422072073e+03
4.700926811265524520e+03
3.331719504426500407e+03
9.846432273326085124e+03
8.150611759722090937e+03
3.922095635255194793e+03
7.044031439342012163e+03
1.585298321424892720e+03
6.533127531561571232e+03
5.967388995263428114e+03
3.845377313081750344e+03
3.708773503392598286e+03
8.422424761031035814e+03
1.307103986643096732e+03
7.388921465014604109e+03
5.008645933119216352e+03
8.774677476312102954e+03
2.683898444220223155e+03
8.858844238702749863e+03
1.651814382835246079e+03
4.727346859134278930e+03
1.947275336835737562e+03
5.370205681760154448e+02
9.499128548802167643e+03
7.817911209051098012e+03
1.031029595108260310e+03
2.329864119796690829e+03
9.184890684129006331e+03
1.389753572492295916e+03
2.550144514356043146e+03
7.633913610891017015e+03
6.978886807015245722e+03
4.619572988718467968e+03
2.376644135627673677e+03
8.228488713575521615e+03
9.572580175487972156e+03
5.626149686861399459e+03
8.736277888501119378e+03
5.095256247851636545e+03
5.222854115174798608e+03
7.424159543381735602e+03
8.300503012280003077e+02
3.592334242587363860e+03
6.111838175429209514e+03
1.394470256734048235e+03
8.048729115721676862e+03
4.023990525158543733e+03
2.632661592355922835e+02
3.064609800197388722e+03
6.282586047069442429e+03
9.392278141043290816e+03
5.400870429850006985e+03
5.789892589512310224e+03
4.230426138545964932e+03
1.248669692876758290e+03
6.837115609057203073e+03
8.685205811452582566e+03
2.011700282752881819e+01
5.332458285008346138e+03
7.887293354889660804e+03
8.578874930210589810e+03
6.416193236287288528e+03
3.297295611184656082e+03
4.500046993050214041e+03
4.437907687729883946e+03
4.541445245726920803e+03
4.636237159609806440e+03
1.126428694642249638e+03
5.935556118794683016e+02
8.541538876378341229e+03
1.096169219247455970e+02
9.585106638904147985e+03
4.308018703594199906e+03
1.295412712921610819e+03
6.075102036203180432e+03
1.564490548243145895e+03
1.432127552747291020e+03
5.687976914855407813e+03
7.009708747200415019e+03
1.492594554006260068e+03
4.917272583300125007e+03
8.350966407980415170e+03
4.479129565370999444e+03
3.948932361600514469e+03
3.478600336011264062e+03
3.799502041495709364e+03
4.380246582224050144e+03
7.843645073131108802e+03
9.096428105001901713e+03
