9.162765527042394751e+03
2.853667530322638868e+03
3.313348706258437687e+03
6.947681777033109029e+03
6.197220972673852884e+03
3.094104877997229323e+03
5.820904123574305231e+03
1.522944276561578590e+03
5.209568316946535560e+03
8.614078636501510118e+03
4.939312848389337887e+03
7.889120482163871202e+03
2.033966370922338683e+03
9.123501106282445107e+03
4.645418225259169049e+03
8.733226474849048827e+03
1.282978091214488359e+03
3.617044890145827594e+03
8.756895572711209752e+02
5.992540281349479301e+02
3.984427438881496073e+03
7.614120418023539060e+03
7.050668842330383995e+03
9.367346173041289148e+03
6.772198361132316677e+03
2.255944262648976746e+03
5.146707299723481810e+03
6.191891349621127119e+03
6.387800351109282929e+03
2.081862532234896207e+03
7.039506598105424928e+03
1.317010078425395818e+02
6.849575211312449937e+03
8.193766233092137554e+03
4.953041728029430487e+03
4.225588475736478358e+03
6.130625164369733284e+03
7.950145607889546682e+02
5.299493786775252374e+03
6.057769373492915292e+03
9.567789665706728556e+03
8.964002468973270879e+03
3.969639642916478124e+02
5.131527255310325017e+03
9.024324888411143547e+03
3.016220600828917213e+03
6.738202370924479510e+03
3.829018623949727953e+03
3.500410380602795158e+03
6.029411724747919834e+03
3.388421792433576684e+03
9.591111865793809557e+03
2.476084772826206063e+03
9.702978001673796825e+03
3.247603360544118004e+03
9.780368314817504142e+03
4.502673563910250778e+03
9.314192863084137571e+03
6.816801515093686248e+03
3.950617546914570084e+03
8.505273435333998350e+03
6.214677936921520995e+03
2.773075434434354520e+03
6.933214594810399376e+02
1.484408008100457366e+01
6.468263646664462613e+03
3.305523546988875296e+03
8.969517437123664649e+02
5.005895813512150198e+03
7.627863248474603097e+03
9.275951900393498363e+03
8.313263507645522623e+03
6.503331933204574852e+03
1.151233907402988734e+03
7.945204253357279413e+03
5.998219560119440757e+03
8.758183624220118872e+03
1.763029889449187976e+03
8.286330152349330092e+03
5.372161589016670405e+03
2.035083794212814155e+03
9.490541303017427708e+03
3.672005267767203350e+03
4.947267681458865809e+03
6.894097213226864369e+03
3.409750634387220884e+02
8.236439064597530887e+03
6.029713004455028340e+02
9.527277262574991255e+03
7.298660760702711741e+03
5.279248048725215085e+03
4.117048047330593363e+03
6.091070234378854366e+03
9.207678472948531635e+03
9.494134684289250799e+03
2.738679284886241931e+03
2.452353213755533943e+03
6.923140834693886063e+02
5.456536283232529058e+03
4.066325122445353372e+03
8.995977048138560349e+03
7.267572088735313628e+03
3.328271663735393759e+03
6.860317289411882484e+03
4.838686918626711304e+03
4.254419882135245643e+03
3.470845528420565188e+03
7.033804765269205745e+03
5.329027806091636194e+03
2.168589784363182844e+03
3.506634807749307129e+03
5.761176996116889313e+03
6.735596630982755414e+03
5.439907492227542207e+03
4.909779779231251268e+03
6.620163196251871796e+02
7.849066118646002906e+03
4.732692368039406574e+03
4.275592148516212546e+03
6.402837912824489649e+03
3.894838554657264012e+03
3.261559469344967965e+03
1.328317889988140905e+03
1.464758058865274279e+03
4.380039192399109993e+02
5.054626311676729529e+03
7.740916770442410780e+03
6.871577184761606077e+03
3.540150604367704545e+03
8.905001051893184922e+03
1.705346226748749586e+03
6.446409413722145473e+03
4.171851777743936509e+03
4.805052621530806391e+03
8.710411845492906650e+03
1.320717892627390938e+03
9.848407195823978327e+03
2.633826436826801455e+03
7.001741336696154576e+02
4.177843220836097089e+02
2.596713634656093745e+03
3.978677819804250703e+03
3.631684552562300723e+03
3.765949026242828495e+03
6.309983896918858591e+03
1.405670060031669664e+03
2.952602732344580090e+03
7.698536154156258817e+03
8.989383656775946292e+03
6.617806011365138147e+03
4.784525254835616579e+03
5.577102769766283927e+02
7.957903698180667789e+02
9.437968053024760593e+03
3.326671534664783394e+03
6.183700905930434146e+02
2.105010925038435289e+03
4.130946478012068837e+03
5.145150550592936270e+03
4.052050491128069552e+03
7.403860008001628557e+03
4.868686360515206616e+03
3.363156809224723474e+03
4.280132494398180825e+03
4.410273480298275899e+03
5.325775338353942061e+03
7.819069782472143743e+03
2.101272178466435435e+03
5.695508670784754486e+02
7.676000564464206946e+03
6.885990143241066107e+03
4.085338679347762991e+03
3.941355486183906123e+03
6.816859876712720506e+03
6.803281897937397844e+03
9.605779924453128160e+02
2.428656145699071658e+03
8.513634548258489303e+03
8.270338313369235038e+03
5.648690268678416032e+03
7.848519511174625222e+03
2.238943649392970201e+03
7.613141563779074204e+03
6.221874411894478726e+03
2.058534869366992552e+03
7.215201465945482596e+03
1.495143047717728450e+03
1.834393172582863372e+03
4.531215526628880070e+03
9.114483812909937114e+03
5.968319199827747070e+03
5.982360090711219527e+03
3.947553933144064558e+03
9.218905949478748880e+03
1.026001923812717223e+03
5.585643235376940538e+03
5.167016018123736103e+03
3.132321269187182679e+03
7.872514283085648458e+03
3.036890817785293621e+03
5.921158326708367895e+03
1.232666320904709437e+03
8.908467476908428580e+03
9.489089838916241206e+03
6.448510249504663989e+03
2.251376136662476256e+03
5.225546616462479506e+03
1.068766286980631321e+03
1.756681169924025880e+03
4.886954391657491215e+03
9.502769659842242618e+03
6.045186713954173683e+03
3.884980589276211049e+03
5.918556087341332386e+03
7.035090359069778060e+03
3.988306488764025914e+01
1.344476473410283234e+03
9.049094191171110651e+03
1.481389160591373297e+02
3.721995892152757278e+03
5.454291026081790733e+03
9.367722335614744225e+03
7.898937087323602100e+03
2.809769949178919433e+02
9.084178939835751407e+02
4.792765098775305887e+03
6.136598481093047667e+03
7.344627214708787506e+03
9.628211154854738197e+03
5.799959292841486786e+03
6.538583338093390012e+03
8.365297301411652370e+03
4.898478687272295247e+03
6.406642166985942822e+03
2.277285548030264636e+03
1.197695791999693256e+03
3.027267808119342590e+03
8.998313367155134983e+03
4.551844201918801446e+03
9.076720867005673426e+03
1.727759070487071540e+03
7.206391763490701123e+03
5.324203820862638850e+02
6.491532035103763519e+03
7.402993326406182177e+02
4.767266302639805531e+02
3.207137964691186880e+03
4.786355020602542936e+03
9.140978311843697156e+03
3.904351874044943543e+03
8.296634210201385940e+03
3.370304334564706551e+03
4.802800179873383058e+03
3.756758259107040487e+01
8.451544249512695387e+03
5.283644155419615345e+03
8.459442255418553032e+03
9.928934127993756192e+03
7.044544501006951577e+03
6.204069765773585459e+03
6.702034515264510446e+03
6.482183748293132339e+03
4.287350285189348142e+03
3.314393766589610550e+03
6.906799861713535392e+03
5.812324249824959224e+03
9.703124665448773158e+03
6.922327497714153651e+03
3.755509350067170089e+03
5.732834265512764432e+03
7.311008227801751673e+03
9.506592620939063636e+03
9.164799784774111686e+03
5.091791275550965111e+03
5.161398271446963918e+03
6.035622198632395339e+02
3.585372689155396984e+03
7.240014407800884328e+03
7.305016979375437586e+03
8.887852024839678052e+03
4.849119045156116044e+03
6.429800076622691449e+03
4.204725713971940422e+03
7.057288872199844263e+03
2.712952477283668941e+03
8.592731037764651774e+03
8.996078668113475942e+03
3.028855784468687943e+03
4.781373586927272299e+03
4.832107987939062696e+03
4.130376923979905769e+03
9.349523524132833700e+03
1.887626507515804860e+03
1.149129676020922489e+03
9.467323278516001665e+03
2.778990241123330179e+03
3.665350148202325272e+03
9.357949675212428701e+03
8.458118801459664610e+03
9.464375762710644267e+03
3.965763088264293401e+03
2.635354736403693551e+03
7.001650710041937600e+03
8.731148556078351248e+03
4.367689126901277632e+03
3.005033912452890036e+03
8.643478678029276125e+03
2.368525246205508211e+03
4.637795771241370858e+03
8.865940879707821296e+03
8.831706433378858492e+03
1.760787914624572977e+03
3.737373613174896946e+03
3.101645108695739509e+03
6.246158908859614712e+03
5.669169518709598378e+03
2.492621728037839148e+03
7.751053495089361604e+03
6.928603057438906944e+03
9.933262303063727359e+02
2.956426913932658408e+03
8.745717713856442060e+03
3.439450857795686261e+03
1.627075527497241410e+03
6.589496034580857668e+03
3.509847539864701048e+03
1.667035847495234066e+03
3.344342804040246847e+03
5.704096336410489130e+03
9.297102617948583259e+01
9.920296933392197388e+03
7.362455737535099615e+03
1.023444423338959410e+02
8.112396648082742104e+03
3.829354211533636317e+03
9.015801805004011840e+03
6.826775077694331230e+03
3.624601460689887062e+03
8.904450927776248136e+03
5.550130434802013042e+03
9.515689416270230140e+03
6.828159369592694929e+03
9.332832520697427753e+03
7.574479060041932826e+03
5.795026145222329433e+03
1.373721522086738332e+03
4.058196824106292752e+03
9.129806271390194752e+02
8.131228365699432288e+03
3.248251411405497038e+03
1.834958038186049635e+03
7.903852445069125679e+03
4.398721687848209513e+03
1.799219465450974212e+03
1.619108233440850199e+03
2.929326632599858840e+03
7.123170115271593204e+03
5.160021452006732034e+03
1.194709085944220078e+03
4.932054419287566816e+03
9.204016151880710822e+03
6.075747559803916374e+03
9.427994758087343143e+03
4.123585341587674520e+03
8.675019512182479957e+03
7.012553449038526196e+03
9.004640405570193252e+03
9.448490611400424314e+03
9.426749994073419657e+03
9.276034707459719357e+03
7.013136001654126630e+03
5.223645534131288514e+03
2.733318119242875582e+03
4.564994036362777479e+03
6.766693257482895206e+03
2.905117119564803943e+03
7.040755697202034753e+03
9.266889948662017559e+03
6.032960173640368339e+03
9.155231934335675760e+03
2.168150327035849386e+03
4.134502940517980278e+03
5.762664725107638333e+03
9.894664045329973305e+03
5.619146509897968826e+03
9.814144101497546217e+03
1.895076425665354009e+03
2.118465169895499457e+03
8.556538982374215266e+03
4.299971336250174318e+03
8.300174983265977062e+03
7.605508125766813237e+02
4.622841923597031837e+02
9.321133335483666542e+02
6.090921391243426115e+03
4.314952644906578030e+02
2.336657649444350227e+03
1.493434200409609048e+03
3.520842604546873190e+03
4.755986808525614833e+03
1.709681692883930964e+03
9.465593100268830312e+03
7.530875000387347427e+03
5.887172056365121534e+03
2.220262810931794490e+02
4.946651731004125736e+02
6.910750246395061367e+03
5.598093661983331913e+03
2.695393375240658770e+03
8.501642201722226673e+03
4.637614913966303902e+03
7.950315361313298581e+02
3.999070938883964033e+01
3.015543446034744193e+03
9.291967375678172175e+03
4.157948893814540497e+03
8.754023056767216985e+03
8.802037314220915505e+03
4.320357891864622616e+03
2.863841395507469315e+03
1.870187252705341962e+03
6.305785130585856677e+03
7.493401127192496460e+03
4.955418077689349957e+03
6.885015944464175845e+03
7.098129208606916109e+03
9.496737814079264353e+03
2.506568270624090019e+03
9.006353904982622680e+02
7.154916460231216661e+03
4.623618271610635929e+03
5.200475619372063193e+03
9.914652796717879028e+03
8.536689443463832504e+03
9.583732349795129267e+03
2.101253406493370676e+03
8.288026401435925436e+03
2.942241917529177954e+03
7.563996492297897021e+02
4.201099296744597268e+03
8.550070569134872130e+03
1.345719782180508901e+03
2.166526147112266699e+03
1.827779207522390834e+03
7.976381765676596842e+03
8.484917414510406161e+03
6.124327442520328987e+03
7.843496847558165427e+03
9.348250908650279598e+03
1.221569935388789872e+03
1.675789942199612597e+02
6.288761382568432964e+03
8.994935044806659789e+03
7.809216519141564277e+03
6.816419570412032044e+03
9.244851603267306928e+03
7.493029581276177851e+02
7.077393155742437557e+03
3.915072259673014742e+03
1.703211284547331388e+03
3.520371091435369181e+03
3.391497522076691666e+02
3.773714386137194651e+03
2.709445481572951849e+03
6.300059936795782960e+03
1.364286143903990023e+03
8.513577440398159524e+03
9.050953099680265950e+03
6.162130150687689820e+03
5.054173781960486849e+03
3.209573954220300493e+03
6.225321011888456269e+03
5.730272291995720479e+03
6.083445397945768491e+03
3.112823515311577921e+03
4.073219879194610712e+03
8.869398216224710723e+02
9.760977866492397879e+03
4.333747921626861171e+03
2.763920990541154424e+03
8.026043128196629368e+03
2.251697554380778456e+03
1.952162368816825392e+03
7.577276056904035613e+03
9.574375185151229743e+03
4.339772114575811429e+03
4.512719849242637792e+03
1.652283016198522546e+03
7.794759663268820077e+03
6.073931775771181492e+03
9.039750486278178869e+03
7.645628486768307994e+03
2.291215555000960649e+03
6.869550795974614630e+03
4.308791576029281714e+03
8.212971244937516531e+03
6.222062911534466366e+03
4.363628570087925254e+03
4.000389039459818378e+03
1.114251831133597989e+03
