1.011671370910829751e+03
1.734770028493625659e+03
8.754743235731879395e+03
9.929316577139257788e+03
2.451585859858686490e+03
8.810770091646194487e+03
1.711598205063862224e+03
6.543630030557159444e+03
6.873030264758946942e+03
3.987509545537453505e+03
4.272181282796078449e+03
1.741059713732274304e+03
9.951942310646449187e+03
3.520595374949803499e+03
2.864402171466967502e+03
8.846448273243073345e+03
8.603535517267933756e+03
1.731042021829325222e+03
6.920805091535893553e+03
3.661091612402182363e+03
3.867841716435816579e+02
4.690962625134872724e+03
1.958481893850784900e+03
2.500020848685073361e+03
8.325943637323473013e+03
6.442725743360325396e+03
2.302404128015189599e+03
1.889245557113869609e+03
8.172386779724912230e+03
9.017548863290877534e+02
6.801579270634218233e+01
8.167042909651605669e+02
4.565000973920224169e+03
2.773443003694168510e+03
5.554628035800285033e+03
5.252907677646842785e+03
7.583563530581975101e+03
6.812316525501996693e+03
9.939351471432319158e+03
7.240809387908009285e+02
4.062257721016429059e+03
3.938744277738727305e+03
1.542075668634763815e+03
5.747179818745570401e+02
7.936920476749735826e+03
5.356229005470733682e+03
2.978216188005046206e+03
3.493869252824193836e+02
8.496421301078180477e+03
3.248413075570980482e+02
4.115544570809903234e+03
1.560218105825071234e+03
9.070511742583777959e+03
5.652485091134554978e+02
7.422577924526496645e+03
2.749404823480202140e+03
8.222887119280063416e+03
4.720490458939178097e+03
3.257689491687357076e+03
4.427792887789585620e+03
7.979755829325915329e+03
4.087213828454947361e+03
1.503329079264644179e+03
8.725469814345191480e+03
4.493116425230329696e+03
8.245601661013006378e+03
6.470862465559916018e+03
2.541636363224622073e+03
2.944038992595597506e+02
6.040220285953517305e+03
1.220344716771940057e+03
6.747700865411807172e+03
8.124776020390387430e+02
7.320206599599235233e+03
4.957556001118179665e+03
7.144244344672702027e+03
1.246127694614587199e+03
4.233743519938529971e+03
5.184785690899621841e+03
9.858161837547691903e+03
8.386963475358743381e+03
5.051320008355686696e+03
6.375141508162184437e+03
3.456330992763198537e+03
4.163557100082334728e+03
9.189452239926932862e+02
3.651256111047783634e+03
6.531730089959654833e+03
4.257031246335818651e+03
2.956187348646232294e+03
9.848741563220566604e+03
1.528384434421587002e+03
6.945770784857148101e+03
4.908072563148691188e+03
7.076358212437126895e+03
4.436443434488613093e+03
7.122525524124939693e+03
2.174757140520269786e+03
3.993853646658086745e+03
8.865361303846833835e+03
9.118982805319817999e+03
1.042055547405519974e+03
7.188000481018017126e+03
5.353608595267718329e+02
4.035101255637791382e+03
2.510660502161292698e+03
7.594225419009281723e+03
1.255865768829666877e+03
6.273552055228491554e+03
4.124765643554976123e+03
3.477660151767091520e+03
4.829718978425344744e+02
7.650112983451274886e+03
2.270536701008310501e+03
7.223446701576666783e+03
3.024580119687090701e+03
9.760221710776682812e+03
1.340965162769905874e+03
5.754906164890452601e+03
4.154391667950354531e+03
9.571684640783592840e+03
9.815847009407812948e+03
3.322647971432805207e+03
2.125582107208471825e+03
6.643566087296902879e+03
9.225543419812109278e+03
3.023712600646905230e+03
6.479497340893308319e+03
7.866552787172397984e+03
9.870352632011918104e+03
3.996833135004175801e+03
7.162095719477115381e+03
3.306473698610955125e+03
6.698475485059353559e+03
9.561548054672031185e+02
3.513477158909755417e+03
8.577259032753237989e+03
7.802102661300116779e+03
6.111804420205500719e+03
2.777468951111135084e+03
4.764926989500541822e+03
1.450791318039824489e+02
1.104544863123711593e+03
1.298377293913162248e+03
3.842871829099128718e+03
6.599087153753123857e+03
3.934308226527275565e+03
5.741237444521702855e+03
4.192738702609440224e+03
2.780071314949289444e+03
6.335552372771737282e+03
8.240718575426360985e+03
5.898496598071428707e+03
9.918389323950101243e+03
9.608372041626451391e+03
6.320322444727437869e+03
4.743742237972782277e+03
6.852236335751232446e+02
2.071204003938616097e+03
2.674196191153735981e+03
3.311594451657982972e+03
9.581458681981068366e+03
4.655072679744058405e+03
3.438687130395632721e+03
9.303752279168795212e+03
6.899784939349049637e+03
6.978674279799109172e+03
6.581193900629813470e+03
3.635704048909650282e+03
7.791983709485730287e+03
3.678391261629612018e+03
5.518432685176861924e+03
3.553128130467180199e+03
4.164620657974441542e+02
5.963371224361684654e+03
2.515537850401542983e+03
4.525698730488395995e+03
1.070775202217723972e+03
3.506946625247632255e+03
5.586985791235142642e+03
2.888052054378220419e+03
7.038834863369173036e+03
1.481071967086639461e+03
3.187080429084124717e+03
8.055655292873806502e+03
3.442264459815178725e+03
3.525003065905675157e+03
4.571166868462702269e+02
4.705632241442220220e+03
1.407935100310875214e+03
8.350982845701824772e+03
1.453594088360390515e+02
4.744996676717055806e+01
1.712212221002854903e+03
8.603446159602104672e+03
8.631915108257922839e+03
5.408138048656313003e+03
4.624446051144212106e+03
6.901912750024959678e+03
3.014255590148864485e+03
7.572460085253048419e+03
4.476555631151068155e+03
8.819475129981366990e+03
9.121960061560237591e+03
4.835108246572514872e+03
4.913385228197515062e+03
8.884423765858515253e+03
5.779429394381837483e+03
8.661130093814266729e+03
5.846606252248819146e+03
1.539223874943234932e+03
4.098869079122998301e+03
6.691808494188433542e+03
9.261096916327747749e+03
2.616082816043329331e+03
6.173614108159796160e+03
9.601219359041420830e+03
6.020382891977970985e+02
1.569545521879379521e+03
7.619622043515140831e+03
9.674129333240403867e+03
1.160066903789375601e+03
2.892906898427589567e+03
7.650347835370470420e+03
9.486950848923639796e+02
1.811431315111781942e+03
7.765726415554472624e+03
9.539352431792816787e+03
2.879172930636600086e+03
6.560993687979765127e+03
4.951735184357657999e+03
6.732333072164163241e+03
4.491987911273261489e+03
6.324988026823338032e+02
5.964632054762941152e+03
3.541828635444729571e+03
8.718173368029667472e+03
9.685830245259574440e+03
6.653226749418115105e+03
1.880697011708379705e+03
1.102706808799732698e+03
7.639689432118470904e+03
5.509843418823926186e+03
8.424536322768737591e+03
4.990255842512197887e+03
8.089842385900753470e+03
2.910932484399652367e+03
3.383495451345322181e+03
8.758349739847782985e+03
8.775766977609238211e+02
2.487300933882241679e+03
3.846109907509035111e+03
5.984669415212226340e+03
2.558035164738030744e+03
8.001723008550967279e+03
1.314207246122017978e+03
1.753586524458752365e+03
6.466233388206945165e+03
1.439176988640400907e+02
8.462448154951725883e+03
6.647996243703931214e+03
6.564881799427089391e+03
4.402482242431323357e+03
1.421262651065450427e+03
4.667812918594777329e+02
8.718385373825243732e+03
6.806397757360765354e+03
5.000366929205094493e+03
9.523467844193457495e+03
4.646549891958052854e+02
6.280011327524516673e+02
2.479728298924147111e+03
1.318962028541379141e+03
1.382292673298200043e+02
7.202694199941283841e+03
4.531426456497410982e+03
9.761854741504706908e+03
5.268622232537890341e+03
2.866642341131973808e+03
7.821815501003583449e+03
7.792908489061851469e+03
5.208781309220958065e+02
5.236432044284537369e+03
4.319519748036891542e+03
8.186810235555650252e+03
1.546673813345423127e+02
6.516242980900360635e+03
7.910203079228871502e+03
2.100796268056146801e+02
8.155995569229055945e+03
8.296376652337328778e+03
7.657087437638016354e+02
7.251431188729809946e+03
2.444669009223861394e+03
2.968533751588455289e+03
9.378626642392609938e+03
3.086745140166228339e+03
3.676559859468097784e+02
4.562944384913695103e+03
7.571691841396521340e+03
8.315811577495711390e+03
8.801292923248128091e+02
2.587749482649089714e+03
6.514759563178059580e+03
9.072833460144987839e+03
9.749663664660074573e+03
3.624117227795514736e+03
8.838768287067659912e+03
2.159176563390330557e+03
8.803678277099312254e+03
9.722755535068605241e+03
6.354849159380369201e+03
7.734788644803337775e+03
3.203027514559782503e+03
2.863113378059676961e+03
5.676614531263026947e+03
3.555981718516887213e+03
2.086717201604013553e+03
8.309060195666077561e+03
6.727723185506640220e+03
6.922096915099850776e+03
5.714148045061040193e+02
1.164548675908333053e+03
8.686571553379197212e+03
2.828242837673759368e+03
2.982539942951618286e+03
2.289914627970037145e+03
2.499218990142681378e+03
6.845444857770139606e+03
2.810057382979669455e+03
5.104612821162840532e+02
8.015339207312852210e+00
3.478244658430989148e+03
1.868675551605398141e+03
2.811587964922424590e+02
2.290649465472037264e+03
7.176687600033927993e+03
1.372591685659274674e+02
2.957750167542919371e+03
5.758478796022548522e+03
8.840305269022313951e+03
6.706278688700162093e+03
6.006111857385627445e+03
3.340466681949200165e+02
7.083555045817299288e+03
9.828067132676711481e+03
8.947646055851959318e+03
8.350042715450390460e+03
6.924033242757376684e+03
4.139394795462009824e+03
1.669549835280105299e+03
3.804782471276718752e+03
8.421155854699925840e+03
5.125917113846011489e+03
9.669609192525227627e+03
3.509936936091923144e+03
2.257361355581058717e+02
1.590125421439548518e+03
7.179160755905153565e+03
6.647892545625992170e+03
6.089340606850805671e+03
1.801976305026959722e+02
7.414663628029607935e+03
8.092247368586140510e+03
1.792979505777025452e+03
2.051285105522292270e+03
6.932594586503404571e+03
9.881743104850489544e+03
8.497403318104441496e+03
3.796896743381547822e+03
2.141080143645665885e+03
5.306834355360239897e+03
3.071109852656787098e+03
9.555582184110835442e+03
4.611649222664047556e+03
6.698278627615830374e+03
9.571971380275030242e+03
1.443229725985547987e+02
5.325122594988954916e+03
7.176725382970486862e+03
1.500281069956213003e+02
4.466131749923829375e+03
8.230295117625850253e+03
9.483666419697652600e+03
4.532015843276180931e+03
7.733684822118615330e+02
4.390828358019558436e+03
9.694241337595454752e+03
7.921057193727408958e+03
3.472322278558835933e+03
3.396940548121508073e+03
1.530245874069031515e+03
8.406068304706494018e+03
6.816594127100464675e+02
3.167692773902631870e+03
8.301575370293812739e+03
7.914329570886574402e+03
9.902122243267611339e+03
1.247912485713703290e+03
7.254861416894726972e+03
8.675338619770060177e+03
4.603071263676969949e+01
6.204263441040762700e+03
3.204187452034695070e+03
1.612695028497313160e+03
7.370835101336257139e+03
5.752338690084407062e+03
3.841124281518255884e+03
3.345226430578209147e+03
6.482570612059951600e+03
9.468197493874209613e+03
3.621590789909636896e+03
4.701089690205267289e+03
3.333046092408417735e+03
9.846052828846142802e+03
8.148695283925317199e+03
3.923493240002627772e+03
7.044064968013977705e+03
1.583671058346030804e+03
6.532937844424942341e+03
5.965547551042097439e+03
3.845425851594167398e+03
3.710433264827684980e+03
8.420481052707793424e+03
1.308873263302720716e+03
7.390288766323588789e+03
5.006743903841143037e+03
8.774230147810858398e+03
2.682173358017069404e+03
8.860292523501208052e+03
1.653792934519937262e+03
4.725764715250545123e+03
1.949014099581053188e+03
5.387890575088999867e+02
9.498474539292690679e+03
7.818534991710526810e+03
1.032843834923380427e+03
2.329285131196549628e+03
9.182892803206252211e+03
1.391003405733940554e+03
2.551836382901157322e+03
7.632062376540246987e+03
6.977398008932282210e+03
4.620372146210314895e+03
2.375943271433774498e+03
8.226786904043085087e+03
9.571220507891754096e+03
5.626603637420838822e+03
8.735772974362726018e+03
5.097033343863375194e+03
5.220933963436999875e+03
7.424126094357826332e+03
8.313922088864975422e+02
3.590545824308273950e+03
6.109869904684559515e+03
1.396338152653143879e+03
8.046766576956456447e+03
4.022204068403846577e+03
2.618047134786518768e+02
3.064130066621144124e+03
6.281477584083091642e+03
9.394165248524357594e+03
5.402519958522475463e+03
5.790162519199237977e+03
4.232416209575450011e+03
1.246888206484861030e+03
6.838798299225521987e+03
8.683976195168697814e+03
2.096851769228942075e+01
5.331243312425972363e+03
7.885806040379662591e+03
8.580525674931595859e+03
6.414600517083964405e+03
3.296059854897599507e+03
4.501186957698897459e+03
4.438826822430437460e+03
4.542591699897446233e+03
4.634253659081015030e+03
1.127711305376240944e+03
5.930828593187169417e+02
8.542454829462860289e+03
1.105026852368587242e+02
9.585997074526787401e+03
4.306128835647233245e+03
1.293452510541256970e+03
6.076904450128605276e+03
1.565883481573463996e+03
1.434027230926006041e+03
5.688986296085533468e+03
7.011148907900581435e+03
1.493139753484707171e+03
4.919185233976555537e+03
8.352520264034073989e+03
4.480144610941097199e+03
3.947125312303650389e+03
3.479275300876714482e+03
3.799392303410379554e+03
4.382058719956260575e+03
7.842708074226802637e+03
9.096679878935630768e+03
