9.163749208644057944e+03
2.855060972479605425e+03
3.316344005308950727e+03
6.945136620645293078e+03
6.195212300814332593e+03
3.096899354672903428e+03
5.819834710274722056e+03
1.521649104140198460e+03
5.210898549057267701e+03
8.616923396201085779e+03
4.938979634541180531e+03
7.887682182486035344e+03
2.031118996757904370e+03
9.122906999753864511e+03
4.647699996460421971e+03
8.733998745706039699e+03
1.284163435681136207e+03
3.614560236710396111e+03
8.727627734744063446e+02
6.022493318423516939e+02
3.981827280406821501e+03
7.616534977094890564e+03
7.047829128238007797e+03
9.364414658055573454e+03
6.771322705221868091e+03
2.258040099112074131e+03
5.149218254746535422e+03
6.192084683690859492e+03
6.386284756537887915e+03
2.082005231931394519e+03
7.036508991096251521e+03
1.346950318928255683e+02
6.846577259493254132e+03
8.193812279523399411e+03
4.955986123792587023e+03
4.228106666122132992e+03
6.128654228962715024e+03
7.920343193050078980e+02
5.300901322911106035e+03
6.060760337434277062e+03
9.565152890354140254e+03
8.961149985426140120e+03
3.993884966782531478e+02
5.129333606689046064e+03
9.026944211765970977e+03
3.013242988847807737e+03
6.735860956300148246e+03
3.829034055388284742e+03
3.503225509697306734e+03
6.026428577146652060e+03
3.390944551873131786e+03
9.593253497824802253e+03
2.477578693445287627e+03
9.704577713774580843e+03
3.246210055886966074e+03
9.783019364490470252e+03
4.502072645719287721e+03
9.316605790200284900e+03
6.813844632515726516e+03
3.947626634737138829e+03
8.505724918169882585e+03
6.211679965373754385e+03
2.774784595671275383e+03
6.907335400570493675e+02
1.782717721736571548e+01
6.465574588403538655e+03
3.305759997353704421e+03
8.959590409232325783e+02
5.008830586913613843e+03
7.630862245408880881e+03
9.274026754820566566e+03
8.316056954189873068e+03
6.501817014599510003e+03
1.149811439316639508e+03
7.943244435575220450e+03
5.995807571453352466e+03
8.760819479776529988e+03
1.764086547153433457e+03
8.289330025146893604e+03
5.369660456442536088e+03
2.037560247387830486e+03
9.493066690831734377e+03
3.673473111375499229e+03
4.948126194257683892e+03
6.891193077817518315e+03
3.395025128762413260e+02
8.236792015502605864e+03
6.000354636094857597e+02
9.525460552042351992e+03
7.296472120571997038e+03
5.282243300533606998e+03
4.114375723932617802e+03
6.092238933628937048e+03
9.208556645226417459e+03
9.496753620464125561e+03
2.741162727069974153e+03
2.454185451032727997e+03
6.914757358416833313e+02
5.459393750638003439e+03
4.069318513440762672e+03
8.998519584913568906e+03
7.268148123486958866e+03
3.329616869345943542e+03
6.861167764492061906e+03
4.837638923648333730e+03
4.251822371455922621e+03
3.472711120565038073e+03
7.034458964439084411e+03
5.326028856894253295e+03
2.166779529609897054e+03
3.503894159672892783e+03
5.764049306448121570e+03
6.732608880724934352e+03
5.441500918006236134e+03
4.908692066995926325e+03
6.590167011330954665e+02
7.846266447320376756e+03
4.729695613985716591e+03
4.278252817706585120e+03
6.401503732967406904e+03
3.893734227370749522e+03
3.264546262562786524e+03
1.329272193615995320e+03
1.465230846243448923e+03
4.377342098708700178e+02
5.055321989931130702e+03
7.743614078881578280e+03
6.868832208622369762e+03
3.537159561121319712e+03
8.902299484725284856e+03
1.708346123919500997e+03
6.443627428038314974e+03
4.174295728889354905e+03
4.807254547487311356e+03
8.712573899432007238e+03
1.322518712240161221e+03
9.851301450300605211e+03
2.632720760598941069e+03
6.979579260533532761e+02
4.191819363071070370e+02
2.599407316481514044e+03
3.975685440967772138e+03
3.632824956455004667e+03
3.763956709434915865e+03
6.307341581227074130e+03
1.406663232964403051e+03
2.955311540566845906e+03
7.697727645346132704e+03
8.991818657951187561e+03
6.620564684361291256e+03
4.787376728515764626e+03
5.550510772036307117e+02
7.973503359928998862e+02
9.440680317570993793e+03
3.329668446516489894e+03
6.211356670219238367e+02
2.107236732466883495e+03
4.127958659738756069e+03
5.148058820480472605e+03
4.054432441371688583e+03
7.406436172706859907e+03
4.866944281430235606e+03
3.362392698954001389e+03
4.279321869145812343e+03
4.407275537674030602e+03
5.328738028062290141e+03
7.816798731157437942e+03
2.098328420692198051e+03
5.712397740938489505e+02
7.678973764226350795e+03
6.886349269514806110e+03
4.088250038131217480e+03
3.941545712913105035e+03
6.815082552064676747e+03
6.805834623251983430e+03
9.576122897085034538e+02
2.427615199804679378e+03
8.511373486278749624e+03
8.270370091261152993e+03
5.648159268368877747e+03
7.848274973144207252e+03
2.240602019064436718e+03
7.612289837321792220e+03
6.219755921515513364e+03
2.055619681439233773e+03
7.212562268131634482e+03
1.497652704989650601e+03
1.835059993051076162e+03
4.531156180842383947e+03
9.117159414017860399e+03
5.971253516921706250e+03
5.979852124689570701e+03
3.949013774315091723e+03
9.221302120225665931e+03
1.025268251780471701e+03
5.585149352699051633e+03
5.165525425690027987e+03
3.129327798745915061e+03
7.873637314380448515e+03
3.034859094209988143e+03
5.923891845929784722e+03
1.230271552480503260e+03
8.911032608322719170e+03
9.490001353918796667e+03
6.451057930192162530e+03
2.250848259444007454e+03
5.223901990061798642e+03
1.067879019698833190e+03
1.759241281139304192e+03
4.888393750814446321e+03
9.505146138419100680e+03
6.044830451003533199e+03
3.887571998570733285e+03
5.917282988652345921e+03
7.036779184856297434e+03
3.708603664663396415e+01
1.343718264957220072e+03
9.046341345779976109e+03
1.486482258687233866e+02
3.719729565444431955e+03
5.456777786799710157e+03
9.367139693985138365e+03
7.901269429660071182e+03
2.779825461958354822e+02
9.055197577373239710e+02
4.795672954359790310e+03
6.139514611961031733e+03
7.343732510513710622e+03
9.625316997075336985e+03
5.802665390565532107e+03
6.540500827734850645e+03
8.365512720910081043e+03
4.897471952322874131e+03
6.407951490169796671e+03
2.280255569253205977e+03
1.197168302267111585e+03
3.027369150510420695e+03
9.001198964971375972e+03
4.552587695713059475e+03
9.073947675471756156e+03
1.727123391811829833e+03
7.208871916835440970e+03
5.297161015859510371e+02
6.489378684025547955e+03
7.415986066196857109e+02
4.739197939090611840e+02
3.204233052134869013e+03
4.786250470177911666e+03
9.138020580023197908e+03
3.901355233415671137e+03
8.299063481671559202e+03
3.372143312129720925e+03
4.805657003332680688e+03
3.553476633434569720e+01
8.453911600868163077e+03
5.286330521434415459e+03
8.461562384315619056e+03
9.926879868128498856e+03
7.047517227485920557e+03
6.203461253684255098e+03
6.699103309239093505e+03
6.484074170439811496e+03
4.284355430846051604e+03
3.315389969979476518e+03
6.907134156210093352e+03
5.810627174161838411e+03
9.701399876104405848e+03
6.920998906426012582e+03
3.752514713248291173e+03
5.734698079681219497e+03
7.313957374455137142e+03
9.505533304689774013e+03
9.163031678335286415e+03
5.093767528209764350e+03
5.161076167864348463e+03
6.055549430376850069e+02
3.586974129294680552e+03
7.238936942151053699e+03
7.303323099163269944e+03
8.886384795508247407e+03
4.851339299397884133e+03
6.428890462342142200e+03
4.201764432860163652e+03
7.056209249130538410e+03
2.714634037290167726e+03
8.594229280900444792e+03
8.998909806153760655e+03
3.031703106866109465e+03
4.784078558314621660e+03
4.831086329654527617e+03
4.128072609928449310e+03
9.349862648390391769e+03
1.890626013385304759e+03
1.146830842726437368e+03
9.469319962622261301e+03
2.781653188460672482e+03
3.663372015115141039e+03
9.355026439273544383e+03
8.455118810521051273e+03
9.463528879211668027e+03
3.963538683661518917e+03
2.633114880108100351e+03
7.003306993462930222e+03
8.732091803009112482e+03
4.368709582043736191e+03
3.005418281675088565e+03
8.645544957451094888e+03
2.370813544453319992e+03
4.638872013663470170e+03
8.868939654984600566e+03
8.831977757510208903e+03
1.763564938010218384e+03
3.734571011499972428e+03
3.100221643626746300e+03
6.249028607625793484e+03
5.666285382923605539e+03
2.495539008844441923e+03
7.749056263693043547e+03
6.931109433935626839e+03
9.935137039925543831e+02
2.955876425023775482e+03
8.748682547294920369e+03
3.438510697857949253e+03
1.625663519154438291e+03
6.587915324283368136e+03
3.512456534491541333e+03
1.668414671898558709e+03
3.345092935456703799e+03
5.703492711379666616e+03
8.997279561016846117e+01
9.919278826913054218e+03
7.364395477672675952e+03
9.957812745614423022e+01
8.114761691576390149e+03
3.828118670201063196e+03
9.017178815203447812e+03
6.825101787164596317e+03
3.622199147661670395e+03
8.902012761290970957e+03
5.547146601737770652e+03
9.513103829630774271e+03
6.828775424684299651e+03
9.335632260444526764e+03
7.575857351549682789e+03
5.793072110947852707e+03
1.376700698448900539e+03
4.059918460133492772e+03
9.148050508868370798e+02
8.128448205321847126e+03
3.247408418967598209e+03
1.832340706226925704e+03
7.901247609157313491e+03
4.395816869232762656e+03
1.800302666671592533e+03
1.616504246865845289e+03
2.930677032957697520e+03
7.120911333559212835e+03
5.157947483640201426e+03
1.192807484535300318e+03
4.930756044986774214e+03
9.201068166226346875e+03
6.076286617585642489e+03
9.426002391325711869e+03
4.123679199535963562e+03
8.676539600877466000e+03
7.015235254150546098e+03
9.001822991607170479e+03
9.451363297749538106e+03
9.429728342655662345e+03
9.274276203426943539e+03
7.015038384624878745e+03
5.221063832721742983e+03
2.732796755469962136e+03
4.567789250306984286e+03
6.769075573454660116e+03
2.908080561612121073e+03
7.043694735266974931e+03
9.268417106649112611e+03
6.035728747869721701e+03
9.158092312855391356e+03
2.167712777047192503e+03
4.131670710751206570e+03
5.760898155183648669e+03
9.893346887209794659e+03
5.620131445673798225e+03
9.817074432208490180e+03
1.892723168197898076e+03
2.115527044180561461e+03
8.554787486669320060e+03
4.300354655629374065e+03
8.297190761293300966e+03
7.633848607438942508e+02
4.652840901393472564e+02
9.322585007728417850e+02
6.088525548411912496e+03
4.343773712454975566e+02
2.337556824656791377e+03
1.491998522986222724e+03
3.519066452246885547e+03
4.754539938620856447e+03
1.706792977135235333e+03
9.468558017331655719e+03
7.528014461681086686e+03
5.884226255449424571e+03
2.193712667488463239e+02
4.963088612721114146e+02
6.910940520150415978e+03
5.595503086947741394e+03
2.696040058687444798e+03
8.499207733385792380e+03
4.640486819004760036e+03
7.938494298797670581e+02
3.700067452036005022e+01
3.017788522811610164e+03
9.294912889087570875e+03
4.157090977052344897e+03
8.756169001123997077e+03
8.799037735814979897e+03
4.322102034479888971e+03
2.860854918941690812e+03
1.869016595986066477e+03
6.308784246960529345e+03
7.491727304635637665e+03
4.956124827572159120e+03
6.883617110939824670e+03
7.095939780361115481e+03
9.497665251628126498e+03
2.509492269380406924e+03
9.021533412818191664e+02
7.152847508788879168e+03
4.624056449393919138e+03
5.202310788749837229e+03
9.916135221845795968e+03
8.535288371613849449e+03
9.580897281715981080e+03
2.104103759837438702e+03
8.286763784605776891e+03
2.939370378316135884e+03
7.565377129527871602e+02
4.198757222246810670e+03
8.551670430647198373e+03
1.344584398720312265e+03
2.168529352194969306e+03
1.830529304144739626e+03
7.979191530098901239e+03
8.486493374443094581e+03
6.122127343871963603e+03
7.846418549117456678e+03
9.345348084361088695e+03
1.220193584426502412e+03
1.684182134604535861e+02
6.285761802161726337e+03
8.992710547418226270e+03
7.807873570842936715e+03
6.816951827981681163e+03
9.245923830332674697e+03
7.487250363433194025e+02
7.078741965437350700e+03
3.917120282298359143e+03
1.700298867112346670e+03
3.517874003718096901e+03
3.381560937912478266e+02
3.775410815949207517e+03
2.712418032736390160e+03
6.300358498212597624e+03
1.362922623082792143e+03
8.515198935401002018e+03
9.053319129802097450e+03
6.159415638672804562e+03
5.056556772446027935e+03
3.207568271048962742e+03
6.227014778164733798e+03
5.728457821697377767e+03
6.081086576333660560e+03
3.110358544449794408e+03
4.075884307961727245e+03
8.893980112771747599e+02
9.761362421712930882e+03
4.331446064368827138e+03
2.761006005757886669e+03
8.023376235364013155e+03
2.249007814142659299e+03
1.949476101908204328e+03
7.576294273795699155e+03
9.574970680670208822e+03
4.341072281524025129e+03
4.514872616684537206e+03
1.653221233305037231e+03
7.797349564125534016e+03
6.076013447840652589e+03
9.036864103690999400e+03
7.646505399892505920e+03
2.293104323268943517e+03
6.872135710983643548e+03
4.307505967656922621e+03
8.210147249457984799e+03
6.225058392212657054e+03
4.364897960842922657e+03
3.997738648098153135e+03
1.117227964908172680e+03
