1.012616085477161164e+03
1.735655611726127063e+03
8.754687275827587655e+03
9.928787198157015155e+03
2.450843099439651269e+03
8.810406330413588876e+03
1.712532511413494831e+03
6.544532036248129771e+03
6.872133946206225119e+03
3.987827060585507297e+03
4.273175095238219910e+03
1.741937292094507256e+03
9.952257211048288809e+03
3.521575569796232685e+03
2.865051403507760369e+03
8.847414571892759341e+03
8.602616885526011174e+03
1.730481615497990560e+03
6.920585511986327219e+03
3.661035680200749994e+03
3.862853757705503881e+02
4.691556099321426700e+03
1.958804388273399354e+03
2.499808397412614340e+03
8.324987183994966472e+03
6.442010242795844533e+03
2.302951353834126621e+03
1.890243478394303111e+03
8.173249783078527798e+03
9.007560182587968711e+02
6.805572628808060642e+01
8.166412037360345266e+02
4.565037919660889202e+03
2.774442885894239680e+03
5.554436395631129926e+03
5.252364158539379787e+03
7.584317439920862853e+03
6.812201943800257141e+03
9.938468368190195179e+03
7.240033825735737310e+02
4.062734680802758703e+03
3.939053997614555556e+03
1.541486729597520480e+03
5.754001276496554738e+02
7.936432949523960815e+03
5.356107064278188773e+03
2.977590996695928879e+03
3.503869120529265047e+02
8.496075685977359171e+03
3.249471535610905448e+02
4.115003411066580156e+03
1.559517835064434848e+03
9.069644550359547793e+03
5.644025434460011184e+02
7.423463531796639472e+03
2.748936738061659526e+03
8.221907385907728894e+03
4.719896247722320368e+03
3.257520558623638863e+03
4.427870665497684968e+03
7.978767218445891558e+03
4.087177061019504436e+03
1.504150917844780679e+03
8.724963995640853682e+03
4.493222429147990624e+03
8.246045002575507169e+03
6.469865576441766279e+03
2.540692697725244216e+03
2.946112918239995224e+02
6.040194428678181794e+03
1.221111659803506882e+03
6.747336226106945105e+03
8.133407372556910104e+02
7.319326158766260960e+03
4.958313123907364570e+03
7.144838979077157092e+03
1.245650170271317847e+03
4.234679437461965790e+03
5.184776482217493140e+03
9.858714038783817159e+03
8.387527900304245122e+03
5.051859804241735219e+03
6.376013634245168760e+03
3.455372814180083424e+03
4.163807876105507603e+03
9.180739800007842177e+02
3.652249166135133692e+03
6.531524376547277825e+03
4.256235454428304365e+03
2.956871279635134670e+03
9.848685323056659399e+03
1.528838880073713426e+03
6.944849786482021955e+03
4.907116366199525146e+03
7.076845970723341452e+03
4.435882431921768330e+03
7.123317350884896769e+03
2.173796980044381598e+03
3.993549074092995852e+03
8.865294962684311031e+03
9.118452029498996126e+03
1.043036940064782812e+03
7.188894313084356327e+03
5.363198342187096159e+02
4.036038254779572981e+03
2.510160175793274902e+03
7.595008544226349841e+03
1.256841702766759909e+03
6.273525589923079679e+03
4.123968218690650247e+03
3.477253423886282235e+03
4.832605409056760664e+02
7.650203259815160891e+03
2.269689418142793329e+03
7.224378657828210635e+03
3.024564172197208791e+03
9.760581006456290197e+03
1.341011668613855136e+03
5.755368146066043664e+03
4.155287334313643441e+03
9.570754858177922870e+03
9.815940738493773097e+03
3.321699914672557497e+03
2.124594603504116549e+03
6.644562037811975642e+03
9.224570678452952052e+03
3.024150338161353375e+03
6.479900812769655204e+03
7.866475571530447269e+03
9.869917822368086490e+03
3.996824855411336102e+03
7.161721471244733948e+03
3.307053650984364140e+03
6.697796308917736496e+03
9.568480685056601942e+02
3.514276953933652749e+03
8.576995870145177832e+03
7.803032265760754854e+03
6.112478415243532254e+03
2.778353803545930987e+03
4.764486777654646176e+03
1.450078975277475024e+02
1.105469794290009531e+03
1.297629655131031996e+03
3.842398288324755413e+03
6.598143543221078289e+03
3.933878451648869031e+03
5.740274444954150567e+03
4.192154582256870526e+03
2.779678359862755769e+03
6.335241621379244862e+03
8.240255655158773152e+03
5.897642424947331165e+03
9.918816669897814791e+03
9.608417403569752423e+03
6.319934918812029537e+03
4.744412708892812589e+03
6.851336076741212082e+02
2.071449398464782462e+03
2.673588251734520327e+03
3.312106894111285783e+03
9.580644559381667932e+03
4.656039698961043541e+03
3.437724328541076829e+03
9.303715250618644859e+03
6.899942161658764235e+03
6.979327674857925558e+03
6.581386626735586105e+03
3.636530526918594660e+03
7.791850341500904506e+03
3.677398452577840544e+03
5.518673975696545313e+03
3.554126118097447488e+03
4.172676792348980257e+02
5.962845910331976484e+03
2.515688628854498347e+03
4.524760858686866413e+03
1.070117969067500326e+03
3.505946681351118059e+03
5.586001580402305080e+03
2.887055382073237524e+03
7.038001542700419122e+03
1.480113115803884739e+03
3.187788477930072531e+03
8.055891390628007684e+03
3.442739928577954743e+03
3.525550952793584656e+03
4.580916712030206668e+02
4.704632437123720592e+03
1.407482802632191806e+03
8.350774736971670791e+03
1.448106621393386888e+02
4.832358400826095135e+01
1.711610522873334276e+03
8.604415794433089104e+03
8.632901464059203136e+03
5.409005876992932826e+03
4.624380109488807648e+03
6.902840040025797862e+03
3.013519829067961382e+03
7.572872109074654873e+03
4.475953313018588233e+03
8.818956574206222285e+03
9.121007337955679759e+03
4.834580218467775921e+03
4.914369625680593344e+03
8.885260107362539202e+03
5.780384657973770118e+03
8.660608788767569422e+03
5.847483637582719894e+03
1.539834189031201504e+03
4.099862002791877785e+03
6.691304664646241690e+03
9.262002406969953881e+03
2.615256319591580450e+03
6.173975683880928955e+03
9.600251823802804211e+03
6.024357592878675405e+02
1.568560038156200335e+03
7.618966828262034142e+03
9.674688700058213726e+03
1.161047862998599612e+03
2.893535846334416419e+03
7.650408641849451669e+03
9.489534572116083382e+02
1.811185375665805850e+03
7.765961215885909951e+03
9.538397939234011574e+03
2.879436211379857923e+03
6.561425355947320895e+03
4.952504255476670551e+03
6.733330490745619500e+03
4.491045898962560386e+03
6.333985355315867309e+02
5.964773072466824487e+03
3.542813056006505576e+03
8.717173938763658953e+03
9.686103766585760241e+03
6.654195552630440034e+03
1.881078443035562486e+03
1.103684101694635274e+03
7.640252048959331660e+03
5.510276350301135608e+03
8.425232588932240105e+03
4.989354492467522505e+03
8.089489356207840501e+03
2.911182258306337644e+03
3.382496058796003126e+03
8.758182466791573461e+03
8.776240087168953323e+02
2.486714168727232391e+03
3.846899996218215620e+03
5.984364172190210411e+03
2.558770590394549345e+03
8.002337251315115282e+03
1.314652397486353266e+03
1.752879020751669259e+03
6.465504613252655872e+03
1.437831637462639094e+02
8.463427367392478118e+03
6.647783319294662761e+03
6.564105318468794394e+03
4.402540787250277390e+03
1.420319395544159079e+03
4.677750639767477878e+02
8.719209990516914331e+03
6.807215960114607697e+03
4.999470340287209183e+03
9.523527612563961156e+03
4.654385846658071841e+02
6.278177891112796942e+02
2.478792715381705420e+03
1.318154164442454203e+03
1.374769061998808581e+02
7.201699980577937822e+03
4.530678938058395033e+03
9.762700343819975387e+03
5.267688954695883695e+03
2.865816994751703533e+03
7.822687741929078584e+03
7.792235975443491952e+03
5.218310563511837472e+02
5.236271900537639340e+03
4.318586747261125311e+03
8.187638376441714172e+03
1.555337445830990077e+02
6.515912214551666693e+03
7.909888126822388585e+03
2.096471751649502551e+02
8.155055343821705719e+03
8.297016976626026008e+03
7.647151534873050878e+02
7.251449337922736959e+03
2.445311518669029283e+03
2.967787408460648749e+03
9.379087162808196808e+03
3.087496952013951159e+03
3.678807553707913485e+02
4.562941927086221767e+03
7.570732513602978543e+03
8.315140589487607940e+03
8.807945444720883188e+02
2.588583264210501056e+03
6.515708848595132622e+03
9.071893089573692123e+03
9.748671906384137401e+03
3.624842217400878326e+03
8.838121612572083905e+03
2.160109998042501957e+03
8.803706848334606548e+03
9.721759633287651013e+03
6.354470838365066811e+03
7.735145393057511683e+03
3.203907776338860913e+03
2.862821863053127345e+03
5.676339301910596078e+03
3.555748510766056825e+03
2.085971021200628911e+03
8.308510642629844369e+03
6.726725139993483026e+03
6.921113894699858974e+03
5.715674706931788478e+02
1.163599050292543552e+03
8.687453863002343496e+03
2.827392912516570050e+03
2.983033585539048090e+03
2.289026506152516959e+03
2.498250755617714276e+03
6.844465309301475827e+03
2.810091723518089566e+03
5.114019355060514158e+02
7.252493060113362588e+00
3.477857718585372822e+03
1.868060321813355358e+03
2.820700494523354109e+02
2.291537899982263752e+03
7.175857600114041816e+03
1.366601979568860088e+02
2.957167516113860074e+03
5.758582473002064035e+03
8.839798126512223462e+03
6.707257376944935459e+03
6.006471093821001887e+03
3.331584544744134178e+02
7.082796263894729236e+03
9.828184751743161542e+03
8.946827115521082305e+03
8.350836544286432400e+03
6.924408995080487330e+03
4.138435086955937550e+03
1.669061121160564426e+03
3.804286394460026713e+03
8.420905959430450821e+03
5.124984573997851840e+03
9.670105764542740872e+03
3.509043974796659313e+03
2.263942393303871086e+02
1.590847967494569048e+03
7.178387313952896875e+03
6.646991051546697236e+03
6.089526013485488875e+03
1.811813545328747352e+02
7.413916004038616848e+03
8.093246879059963248e+03
1.793841630436700143e+03
2.051733302074059338e+03
6.932938126661330898e+03
9.882031331832728029e+03
8.497523243879009897e+03
3.797706932904417499e+03
2.141853372017320908e+03
5.306325018336699031e+03
3.072094635758472577e+03
9.555945315401160769e+03
4.611041442494480179e+03
6.698434266525629937e+03
9.571770810183974390e+03
1.434622372228792813e+02
5.324737454792755670e+03
7.176423861877812669e+03
1.490388002794796876e+02
4.465802023682465006e+03
8.229486880126125470e+03
9.484564881004953349e+03
4.531071273914132689e+03
7.735827411218266434e+02
4.390208126943277421e+03
9.694443387447176065e+03
7.920245319161581392e+03
3.471330475136694986e+03
3.396838122420632772e+03
1.529917888468751926e+03
8.406076559749979424e+03
6.826582412726323810e+02
3.167090930703535832e+03
8.301852951243708958e+03
7.915283596505688365e+03
9.903000298589582599e+03
1.247106585043834912e+03
7.253985405258660649e+03
8.675068780039184276e+03
4.587822700517989460e+01
6.203962088845559265e+03
3.203998226430049272e+03
1.612229446563792635e+03
7.371671647754854348e+03
5.753336676718588024e+03
3.841628587530401091e+03
3.344249940234645692e+03
6.481986244983639153e+03
9.468486584680798842e+03
3.622509885165854485e+03
4.701008250735395450e+03
3.332382798417459071e+03
9.846242551086113963e+03
8.149653521823704068e+03
3.922794437628911510e+03
7.044048203677994934e+03
1.584484689885461876e+03
6.533032687993257241e+03
5.966468273152762777e+03
3.845401582337959098e+03
3.709603384110141633e+03
8.421452906869413710e+03
1.307988624972908610e+03
7.389605115669096449e+03
5.007694918480179695e+03
8.774453812061479766e+03
2.683035901118646507e+03
8.859568381101978957e+03
1.652803658677591557e+03
4.726555787192412026e+03
1.948144718208395489e+03
5.379048128424576589e+02
9.498801544047428251e+03
7.818223100380812866e+03
1.031936715015820255e+03
2.329574625496620229e+03
9.183891743667629271e+03
1.390378489113118121e+03
2.550990448628600006e+03
7.632987993715632001e+03
6.978142407973763511e+03
4.619972567464391432e+03
2.376293703530724088e+03
8.227637808809302442e+03
9.571900341689863126e+03
5.626376662141118686e+03
8.736025431431922698e+03
5.096144795857506324e+03
5.221894039305899241e+03
7.424142818869780967e+03
8.307212550572489818e+02
3.591440033447818678e+03
6.110854040056884514e+03
1.395404204693596057e+03
8.047747846339067110e+03
4.023097296781194927e+03
2.625354363571220802e+02
3.064369933409266650e+03
6.282031815576267036e+03
9.393221694783824205e+03
5.401695194186240769e+03
5.790027554355774555e+03
4.231421174060707017e+03
1.247778949680809546e+03
6.837956954141362985e+03
8.684591003310639280e+03
2.054276025990911947e+01
5.331850798717158796e+03
7.886549697634662152e+03
8.579700302571092834e+03
6.415396876685626921e+03
3.296677733041127794e+03
4.500616975374556205e+03
4.438367255080160248e+03
4.542018472812183063e+03
4.635245409345410735e+03
1.127070000009245177e+03
5.933192355990926217e+02
8.541996852920601668e+03
1.100598035808021677e+02
9.585551856715468602e+03
4.307073769620717030e+03
1.294432611731433781e+03
6.076003243165892854e+03
1.565187014908304945e+03
1.433077391836648530e+03
5.688481605470470640e+03
7.010428827550498681e+03
1.492867153745483620e+03
4.918228908638339817e+03
8.351743336007244579e+03
4.479637088156048776e+03
3.948028836952082202e+03
3.478937818443989272e+03
3.799447172453044459e+03
4.381152651090155814e+03
7.843176573678955720e+03
9.096553991968765331e+03
