1.010726656344498338e+03
1.733884445261124256e+03
8.754799195636172954e+03
9.929845956121500421e+03
2.452328620277722166e+03
8.811133852878798280e+03
1.710663898714229617e+03
6.542728024866188207e+03
6.873926583311667855e+03
3.987192030489399713e+03
4.271187470353936988e+03
1.740182135370041124e+03
9.951627410244607745e+03
3.519615180103374314e+03
2.863752939426174180e+03
8.845481974593389168e+03
8.604454149009854518e+03
1.731602428160659656e+03
6.921024671085458976e+03
3.661147544603614733e+03
3.872829675166129846e+02
4.690369150948318747e+03
1.958159399428170218e+03
2.500233299957532381e+03
8.326900090651979554e+03
6.443441243924806258e+03
2.301856902196252577e+03
1.888247635833435879e+03
8.171523776371297572e+03
9.027537543993785221e+02
6.797585912460375823e+01
8.167673781942864935e+02
4.564964028179558227e+03
2.772443121494097795e+03
5.554819675969440141e+03
5.253451196754304874e+03
7.582809621243087349e+03
6.812431107203737156e+03
9.940234574674444957e+03
7.241584950080282397e+02
4.061780761230099870e+03
3.938434557862899055e+03
1.542664607672007151e+03
5.740358360994586064e+02
7.937408003975511747e+03
5.356350946663277682e+03
2.978841379314163987e+03
3.483869385119122057e+02
8.496766916178999963e+03
3.247354615531056083e+02
4.116085730553225403e+03
1.560918376585707847e+03
9.071378934808006306e+03
5.660944747809099908e+02
7.421692317256354727e+03
2.749872908898745209e+03
8.223866852652396119e+03
4.721084670156036736e+03
3.257858424751075745e+03
4.427715110081486273e+03
7.980744440205938190e+03
4.087250595890390287e+03
1.502507240684507678e+03
8.725975633049531098e+03
4.493010421312669678e+03
8.245158319450507406e+03
6.471859354678066666e+03
2.542580028723999931e+03
2.941965066951199788e+02
6.040246143228853725e+03
1.219577773740373232e+03
6.748065504716669238e+03
8.116144668223864755e+02
7.321087040432209506e+03
4.956798878328995670e+03
7.143649710268246054e+03
1.246605218957856323e+03
4.232807602415095062e+03
5.184794899581749632e+03
9.857609636311566646e+03
8.386399050413239820e+03
5.050780212469639082e+03
6.374269382079201023e+03
3.457289171346313651e+03
4.163306324059162762e+03
9.198164679846022409e+02
3.650263055960433576e+03
6.531935803372030932e+03
4.257827038243333845e+03
2.955503417657330374e+03
9.848797803384473809e+03
1.527929988769460351e+03
6.946691783232273337e+03
4.909028760097858139e+03
7.075870454150913247e+03
4.437004437055457856e+03
7.121733697364981708e+03
2.175717300996157974e+03
3.994158219223177639e+03
8.865427645009354819e+03
9.119513581140641691e+03
1.041074154746256909e+03
7.187106648951677926e+03
5.344018848348341635e+02
4.034164256496009784e+03
2.511160828529310038e+03
7.593442293792212695e+03
1.254889834892573845e+03
6.273578520533902520e+03
4.125563068419301999e+03
3.478066879647900350e+03
4.826832547793928256e+02
7.650022707087389790e+03
2.271383983873828129e+03
7.222514745325122931e+03
3.024596067176972156e+03
9.759862415097073608e+03
1.340918656925956611e+03
5.754444183714861538e+03
4.153496001587064711e+03
9.572614423389262811e+03
9.815753280321854618e+03
3.323596028193053371e+03
2.126569610912827102e+03
6.642570136781831025e+03
9.226516161171268323e+03
3.023274863132457085e+03
6.479093869016961435e+03
7.866630002814348700e+03
9.870787441655749717e+03
3.996841414597015955e+03
7.162469967709495904e+03
3.305893746237545656e+03
6.699154661200969713e+03
9.554615424287460428e+02
3.512677363885857631e+03
8.577522195361296326e+03
7.801173056839478704e+03
6.111130425167469184e+03
2.776584098676339181e+03
4.765367201346437469e+03
1.451503660802173954e+02
1.103619931957413428e+03
1.299124932695292728e+03
3.843345369873502477e+03
6.600030764285169425e+03
3.934738001405682098e+03
5.742200444089254233e+03
4.193322822962009013e+03
2.780464270035823574e+03
6.335863124164228793e+03
8.241181495693946999e+03
5.899350771195526249e+03
9.917961978002385877e+03
9.608326679683148541e+03
6.320709970642847111e+03
4.743071767052751056e+03
6.853136594761251672e+02
2.070958609412449732e+03
2.674804130572951181e+03
3.311082009204680617e+03
9.582272804580470620e+03
4.654105660527072359e+03
3.439649932250188158e+03
9.303789307718943746e+03
6.899627717039335039e+03
6.978020884740292786e+03
6.581001174524040835e+03
3.634877570900705450e+03
7.792117077470556069e+03
3.679384070681383037e+03
5.518191394657178535e+03
3.552130142836912910e+03
4.156564523599903396e+02
5.963896538391391914e+03
2.515387071948587163e+03
4.526636602289926486e+03
1.071432435367947392e+03
3.507946569144146451e+03
5.587970002067979294e+03
2.889048726683203313e+03
7.039668184037927858e+03
1.482030818369394410e+03
3.186372380238176902e+03
8.055419195119604410e+03
3.441788991052403162e+03
3.524455179017765659e+03
4.561417024895197869e+02
4.706632045760720757e+03
1.408387397989558849e+03
8.351190954431980572e+03
1.459081555327394426e+02
4.657634952608017187e+01
1.712813919132375304e+03
8.602476524771122058e+03
8.630928752456640723e+03
5.407270220319692271e+03
4.624511992799617474e+03
6.900985460024120584e+03
3.014991351229768043e+03
7.572048061431441056e+03
4.477157949283547168e+03
8.819993685756511695e+03
9.122912785164793604e+03
4.835636274677253823e+03
4.912400830714435870e+03
8.883587424354489485e+03
5.778474130789904848e+03
8.661651398860964036e+03
5.845728866914919308e+03
1.538613560855268133e+03
4.097876155454117907e+03
6.692312323730624485e+03
9.260191425685541617e+03
2.616909312495078666e+03
6.173252532438664275e+03
9.602186894280039269e+03
6.016408191077265428e+02
1.570531005602558707e+03
7.620277258768247520e+03
9.673569966422592188e+03
1.159085944580151818e+03
2.892277950520763170e+03
7.650287028891490081e+03
9.484367125731195074e+02
1.811677254557758260e+03
7.765491615223034387e+03
9.540306924351620182e+03
2.878909649893342248e+03
6.560562020012210269e+03
4.950966113238646358e+03
6.731335653582707891e+03
4.492929923583963500e+03
6.315990698330809892e+02
5.964491037059057817e+03
3.540844214882954020e+03
8.719172797295674172e+03
9.685556723933388639e+03
6.652257946205790176e+03
1.880315580381197151e+03
1.101729515904830123e+03
7.639126815277611058e+03
5.509410487346716764e+03
8.423840056605235077e+03
4.991157192556872360e+03
8.090195415593666439e+03
2.910682710492967090e+03
3.384494843894641235e+03
8.758517012903994328e+03
8.775293868049521961e+02
2.487887699037251423e+03
3.845319818799854147e+03
5.984974658234242270e+03
2.557299739081511689e+03
8.001108765786820186e+03
1.313762094757682462e+03
1.754294028165835243e+03
6.466962163161235367e+03
1.440522339818163005e+02
8.461468942510971829e+03
6.648209168113198757e+03
6.565658280385383478e+03
4.402423697612369324e+03
1.422205906586741776e+03
4.657875197422076781e+02
8.717560757133571315e+03
6.805579554606923011e+03
5.001263518122980713e+03
9.523408075822953833e+03
4.638713937258033866e+02
6.281844763936236404e+02
2.480663882466589257e+03
1.319769892640304306e+03
1.389816284597591789e+02
7.203688419304628951e+03
4.532173974936427840e+03
9.761009139189438429e+03
5.269555510379897896e+03
2.867467687512244083e+03
7.820943260078087405e+03
7.793581002680210986e+03
5.199252054930079794e+02
5.236592188031434489e+03
4.320452748812657774e+03
8.185982094669585422e+03
1.538010180859856177e+02
6.516573747249053667e+03
7.910518031635353509e+03
2.105120784462791050e+02
8.156935794636406172e+03
8.295736328048631549e+03
7.667023340402980693e+02
7.251413039536882025e+03
2.444026499778693960e+03
2.969280094716261374e+03
9.378166121977024886e+03
3.085993328318505519e+03
3.674312165228282652e+02
4.562946842741168439e+03
7.572651169190063229e+03
8.316482565503813021e+03
8.794640401775374130e+02
2.586915701087678372e+03
6.513810277760985628e+03
9.073773830716283555e+03
9.750655422936013565e+03
3.623392238190150692e+03
8.839414961563237739e+03
2.158243128738158703e+03
8.803649705864016141e+03
9.723751436849557649e+03
6.355227480395672501e+03
7.734431896549162957e+03
3.202147252780704093e+03
2.863404893066226123e+03
5.676889760615456908e+03
3.556214926267717601e+03
2.087463382007398650e+03
8.309609748702308934e+03
6.728721231019796505e+03
6.923079935499841667e+03
5.712621383190290771e+02
1.165498301524122780e+03
8.685689243756052747e+03
2.829092762830948686e+03
2.982046300364188482e+03
2.290802749787556877e+03
2.500187224667648479e+03
6.846424406238804295e+03
2.810023042441249345e+03
5.095206287265166338e+02
8.778185354512343608e+00
3.478631598276605018e+03
1.869290781397440696e+03
2.802475435321495070e+02
2.289761030961811230e+03
7.177517599953814170e+03
1.378581391749689260e+02
2.958332818971979123e+03
5.758375119043032100e+03
8.840812411532404440e+03
6.705300000455389636e+03
6.005752620950252094e+03
3.349348819154265584e+02
7.084313827739868429e+03
9.827949513610259601e+03
8.948464996182838149e+03
8.349248886614346702e+03
6.923657490434266947e+03
4.140354503968082099e+03
1.670038549399646399e+03
3.805278548093410336e+03
8.421405749969400858e+03
5.126849653694171138e+03
9.669112620507714382e+03
3.510829897387186520e+03
2.250780317858246633e+02
1.589402875384528215e+03
7.179934197857410254e+03
6.648794039705288014e+03
6.089155200216121557e+03
1.792139064725171806e+02
7.415411252020599022e+03
8.091247858112316862e+03
1.792117381117350533e+03
2.050836908970524746e+03
6.932251046345479153e+03
9.881454877868251060e+03
8.497283392329873095e+03
3.796086553858677689e+03
2.140306915274010407e+03
5.307343692383781672e+03
3.070125069555101163e+03
9.555219052820511934e+03
4.612257002833614933e+03
6.698122988706030810e+03
9.572171950366086094e+03
1.451837079742303445e+02
5.325507735185155070e+03
7.177026904063160146e+03
1.510174137117629130e+02
4.466461476165193744e+03
8.231103355125575035e+03
9.482767958390351851e+03
4.532960412638230082e+03
7.731542233018964225e+02
4.391448589095839452e+03
9.694039287743735258e+03
7.921869068293235614e+03
3.473314081980976425e+03
3.397042973822383829e+03
1.530573859669311105e+03
8.406060049663008613e+03
6.806605841474604404e+02
3.168294617101728363e+03
8.301297789343916520e+03
7.913375545267460438e+03
9.901244187945640078e+03
1.248718386383571897e+03
7.255737428530792386e+03
8.675608459500937897e+03
4.618319826835950437e+01
6.204564793235966135e+03
3.204376677639340414e+03
1.613160610430833458e+03
7.369998554917659021e+03
5.751340703450227011e+03
3.840619975506110222e+03
3.346202920921772147e+03
6.483154979136264046e+03
9.467908403067620384e+03
3.620671694653419308e+03
4.701171129675138218e+03
3.333709386399376399e+03
9.845863106606171641e+03
8.147737046026930329e+03
3.924192042376344489e+03
7.044081732349959566e+03
1.582857426806599960e+03
6.532843000856628350e+03
5.964626828931431191e+03
3.845450120850376152e+03
3.711263145545228326e+03
8.419509198546171319e+03
1.309757901632532594e+03
7.390972416978081128e+03
5.005792889202105471e+03
8.774006483560235210e+03
2.681310814915492756e+03
8.861016665900437147e+03
1.654782210362282740e+03
4.724973643308678220e+03
1.949883480953711114e+03
5.396733021753422008e+02
9.498147534537951287e+03
7.818846883040241664e+03
1.033750954830940373e+03
2.328995636896479027e+03
9.181893862744873331e+03
1.391628322354762759e+03
2.552682317173714182e+03
7.631136759364861973e+03
6.976653609890799999e+03
4.620771724956239268e+03
2.375592839336824909e+03
8.225935999276865914e+03
9.570540674093645066e+03
5.626830612700558049e+03
8.735520517293529338e+03
5.097921891869244973e+03
5.219973887568100508e+03
7.424109369845870788e+03
8.320631627157462162e+02
3.589651615168728767e+03
6.108885769312234515e+03
1.397272100612691702e+03
8.045785307573846694e+03
4.021310840026497772e+03
2.610739906001816166e+02
3.063890199833022052e+03
6.280923352589915339e+03
9.395108802264890983e+03
5.403344722858709247e+03
5.790297484042702308e+03
4.233411245090192097e+03
1.245997463288912286e+03
6.839639644309681898e+03
8.683361387026754528e+03
2.139427512466971848e+01
5.330635826134785020e+03
7.885062383124663938e+03
8.581351047292100702e+03
6.413804157482302799e+03
3.295441976754070765e+03
4.501756940023239622e+03
4.439286389780713762e+03
4.543164926982708494e+03
4.633261908816619325e+03
1.128352610743236482e+03
5.928464830383412618e+02
8.542912806005120729e+03
1.109455668929152949e+02
9.586442292338108018e+03
4.305183901673750370e+03
1.292472409351079932e+03
6.077805657091317698e+03
1.566579948238623047e+03
1.434977070015363552e+03
5.689490986700596295e+03
7.011868988250665097e+03
1.493412353223930722e+03
4.920141559314770348e+03
8.353297192060903399e+03
4.480652133726146531e+03
3.946221787655218122e+03
3.479612783309439692e+03
3.799337434367714650e+03
4.382964788822366245e+03
7.842239574774649554e+03
9.096805765902494386e+03
