9.163093420909615816e+03
2.854132011041627720e+03
3.314347139275275367e+03
6.946833391570503409e+03
6.196551415387346424e+03
3.095036370222454025e+03
5.820547652474444476e+03
1.522512552421118471e+03
5.210011727650113244e+03
8.615026889734701399e+03
4.939201777106618465e+03
7.888641048937925916e+03
2.033017246200860654e+03
9.123303070772917636e+03
4.646178815659586689e+03
8.733483898468046391e+03
1.283373206036704232e+03
3.616216672334016948e+03
8.747139626722160983e+02
6.002524627040825180e+02
3.983560719389937731e+03
7.614925271047322894e+03
7.049722270966258293e+03
9.366369001379383917e+03
6.771906475828834118e+03
2.256642874803342693e+03
5.147544284731166044e+03
6.191955794311037607e+03
6.387295152918817621e+03
2.081910098800395645e+03
7.038507395769033792e+03
1.326990158593015678e+02
6.848575894039384366e+03
8.193781581902558173e+03
4.954023193283815999e+03
4.226427872531696266e+03
6.129968185900726894e+03
7.940211469609723736e+02
5.299962965487203292e+03
6.058766361473369216e+03
9.566910740589199122e+03
8.963051641124227899e+03
3.977721417538496098e+02
5.130796039103232033e+03
9.025197996196086024e+03
3.015228063501880570e+03
6.737421899383035452e+03
3.829023767762580064e+03
3.501348756967632198e+03
6.028417342214163909e+03
3.389262712246761566e+03
9.591825743137473182e+03
2.476582746365899766e+03
9.703511239040724831e+03
3.247138925658400694e+03
9.781251998041825573e+03
4.502473257846596425e+03
9.314997172122853954e+03
6.815815887567699974e+03
3.949620576188759514e+03
8.505423929612627035e+03
6.213678613072265762e+03
2.773645154846661626e+03
6.924588196730430809e+02
1.583844579312495426e+01
6.467367293910820990e+03
3.305602363777151822e+03
8.966208427826551315e+02
5.006874071312638080e+03
7.628862914119362358e+03
9.275310185202521097e+03
8.314194656493638831e+03
6.502826960336219599e+03
1.150759751374205734e+03
7.944550980763259759e+03
5.997415563897411630e+03
8.759062242738922578e+03
1.763382108683936394e+03
8.287330109948517929e+03
5.371327878158625936e+03
2.035909278604486190e+03
9.491383098955529931e+03
3.672494548969968491e+03
4.947553852391804867e+03
6.893129168090415988e+03
3.404842132512284820e+02
8.236556714899223152e+03
6.019926881668304759e+02
9.526671692397445440e+03
7.297931213992473204e+03
5.280246465994679056e+03
4.116157272864601509e+03
6.091459800795548290e+03
9.207971197041160849e+03
9.495007663014208447e+03
2.739507098947486156e+03
2.452963959514598628e+03
6.920346342601535525e+02
5.457488772367687488e+03
4.067322919443823139e+03
8.996824560396897141e+03
7.267764100319195677e+03
3.328720065605577020e+03
6.860600781105275928e+03
4.838337586967251809e+03
4.253554045242138272e+03
3.471467392468722664e+03
7.034022831659165604e+03
5.328028156359175227e+03
2.167986366112087580e+03
3.505721258390502499e+03
5.762134432893966732e+03
6.734600714230148697e+03
5.440438634153773819e+03
4.909417208486142954e+03
6.610164467944899798e+02
7.848132894870794189e+03
4.731693450021510216e+03
4.276479038246337041e+03
6.402393186205462371e+03
3.894470445561759334e+03
3.262555067084240818e+03
1.328635991197425710e+03
1.464915654657999085e+03
4.379140161168973577e+02
5.054858204428196586e+03
7.741815873255466613e+03
6.870662192715193669e+03
3.539153589952242783e+03
8.904100529503884900e+03
1.706346192472333314e+03
6.445482085160868337e+03
4.172666428125742641e+03
4.805786596849641683e+03
8.711132530139273513e+03
1.321318165831647775e+03
9.849371947316187288e+03
2.633457878084181175e+03
6.994353977975280259e+02
4.182501934914421327e+02
2.597611528597900360e+03
3.977680360192091030e+03
3.632064687193202190e+03
3.765284920640191103e+03
6.309103125021597407e+03
1.406001117675914202e+03
2.953505668418668847e+03
7.698266651219550113e+03
8.990195323834359442e+03
6.618725569030522820e+03
4.785475746062332291e+03
5.568238770522958703e+02
7.963103585430111480e+02
9.438872141206838933e+03
3.327670505282018894e+03
6.192919494026701841e+02
2.105752860847917873e+03
4.129950538587630945e+03
5.146119973888781715e+03
4.052844474542609078e+03
7.404718729570038704e+03
4.868105667486883249e+03
3.362902105801149446e+03
4.279862285980724664e+03
4.409274166090193830e+03
5.326762901590058391e+03
7.818312765367241809e+03
2.100290925875022822e+03
5.701138360835999492e+02
7.676991631051588229e+03
6.886109851998979138e+03
4.086309132275581305e+03
3.941418895093639094e+03
6.816267435163372284e+03
6.804132806375592736e+03
9.595894248663763619e+02
2.428309163734274080e+03
8.512880860931909410e+03
8.270348905999873750e+03
5.648513268575236907e+03
7.848437998497819535e+03
2.239496439283459040e+03
7.612857654959980209e+03
6.221168248434823909e+03
2.057563140057739474e+03
7.214321733340866558e+03
1.495979600141702576e+03
1.834615446072267559e+03
4.531195744700047726e+03
9.115375679945911543e+03
5.969297305525733464e+03
5.981524102037336888e+03
3.948040546867740431e+03
9.219704673061054564e+03
1.025757366468635382e+03
5.585478607817643933e+03
5.166519153979166731e+03
3.131323445706760140e+03
7.872888626850582114e+03
3.036213576593524976e+03
5.922069499782173807e+03
1.231868064763307302e+03
8.909322520713192716e+03
9.489393677250425753e+03
6.449359476400496533e+03
2.251200177589653322e+03
5.224998407662252248e+03
1.068470531220031944e+03
1.757534540329118727e+03
4.887434178043143220e+03
9.503561819367861972e+03
6.045067959637293825e+03
3.885844392374385279e+03
5.918131721111670231e+03
7.035653300998617851e+03
3.895072214063816318e+01
1.344223737259262180e+03
9.048176576040732471e+03
1.483086859956660248e+02
3.721240449916648686e+03
5.455119946321096904e+03
9.367528121738208938e+03
7.899714534769092097e+03
2.799788453438731040e+02
9.074518485681580842e+02
4.793734383970134331e+03
6.137570524715709325e+03
7.344328979977095514e+03
9.627246435594937793e+03
5.800861325416168256e+03
6.539222501307210223e+03
8.365369107911128594e+03
4.898143108955821845e+03
6.407078608047227135e+03
2.278275555104578416e+03
1.197519962088832699e+03
3.027301588916368473e+03
8.999275233093881980e+03
4.552092033183554122e+03
9.075796469827701003e+03
1.727547177595324229e+03
7.207218481272280769e+03
5.315189552528262311e+02
6.490814251411024998e+03
7.407324239669740109e+02
4.757910181456741157e+02
3.206169660505747743e+03
4.786320170460999179e+03
9.139992401236864680e+03
3.903352993835186226e+03
8.297443967358110967e+03
3.370917327086378009e+03
4.803752454359815601e+03
3.688997717216216898e+01
8.452333366631184617e+03
5.284539610757881746e+03
8.460148965050908373e+03
9.928249374705337686e+03
7.045535409833274571e+03
6.203866928410475339e+03
6.701057446589371466e+03
6.482813889008692058e+03
4.286352000408249296e+03
3.314725834386232691e+03
6.906911293212388046e+03
5.811758557937252590e+03
9.702549735667316781e+03
6.921884633951440264e+03
3.754511137794210299e+03
5.733455536902249150e+03
7.311991276686213496e+03
9.506239515522633155e+03
9.164210415961169929e+03
5.092450026437231827e+03
5.161290903586092099e+03
6.042264609213880249e+02
3.585906502535158324e+03
7.239655252584274422e+03
7.304452352638048069e+03
8.887362948395868443e+03
4.849859129903372377e+03
6.429496871862508669e+03
4.203738620268014529e+03
7.056928997843408979e+03
2.713512997285835354e+03
8.593230452143248840e+03
8.997022380793570846e+03
3.029804891934495117e+03
4.782275244056389056e+03
4.831767435177551306e+03
4.129608819296086949e+03
9.349636565552020329e+03
1.888626342805638160e+03
1.148363398256094115e+03
9.467988839884754270e+03
2.779877890235777613e+03
3.664690770506597346e+03
9.356975263232799989e+03
8.457118804480127437e+03
9.464093468210985520e+03
3.965021620063368573e+03
2.634608117638495969e+03
7.002202804515602111e+03
8.731462971721937720e+03
4.368029278615430485e+03
3.005162035526956060e+03
8.644167437836549652e+03
2.369288012288111986e+03
4.638154518715404265e+03
8.866940471466747113e+03
8.831796874755975296e+03
1.761713589086454704e+03
3.736439412616588925e+03
3.101170620339408288e+03
6.247115475115007939e+03
5.668208140114267735e+03
2.493594154973373406e+03
7.750387751290589222e+03
6.929438516271146909e+03
9.933887215350999895e+02
2.956243417629697433e+03
8.746705991669268769e+03
3.439137471149773774e+03
1.626604858049640370e+03
6.588969131148361157e+03
3.510717204740314628e+03
1.667495455629675689e+03
3.344592847845732649e+03
5.703895128066881625e+03
9.197161598971337071e+01
9.919957564565816938e+03
7.363102317580958697e+03
1.014223373746453660e+02
8.113184995913958119e+03
3.828942364422778610e+03
9.016260808403823830e+03
6.826217314184419592e+03
3.623800689680481355e+03
8.903638205614488470e+03
5.549135823780598912e+03
9.514827554057077577e+03
6.828364721289896806e+03
9.333765767279794090e+03
7.574938490544515844e+03
5.794374800464170221e+03
1.374714580874125659e+03
4.058770702782026092e+03
9.135887683882920101e+02
8.130301645573570568e+03
3.247970413926197580e+03
1.834085594199674915e+03
7.902984166431854646e+03
4.397753414976394197e+03
1.799580532524513728e+03
1.618240237915848638e+03
2.929776766052471885e+03
7.122417188034132778e+03
5.159330129217888498e+03
1.194075218807913416e+03
4.931621627853969585e+03
9.203033489995923446e+03
6.075927245731158109e+03
9.427330635833466658e+03
4.123616627570437231e+03
8.675526208414141365e+03
7.013447384075866466e+03
9.003701267582518994e+03
9.449448173516795578e+03
9.427742776934166614e+03
9.275448539448794691e+03
7.013770129311044002e+03
5.222784966994773640e+03
2.733144331318570948e+03
4.565925774344179445e+03
6.767487362806817146e+03
2.906104933580576471e+03
7.041735376557015115e+03
9.267399001324381970e+03
6.033883031716819460e+03
9.156185393842248232e+03
2.168004477039630274e+03
4.133558863929055406e+03
5.762075868466308748e+03
9.894224992623247090e+03
5.619474821823245293e+03
9.815120878401194204e+03
1.894292006509535440e+03
2.117485794657186943e+03
8.555955150472584137e+03
4.300099109376574233e+03
8.299180242608417757e+03
7.614954952990856327e+02
4.632841582862512269e+02
9.321617226231917357e+02
6.090122776966254605e+03
4.324559667422710731e+02
2.336957374515163792e+03
1.492955641268480349e+03
3.520250553780210794e+03
4.755504518557361735e+03
1.708718787634365754e+03
9.466581405956438175e+03
7.529921487485260513e+03
5.886190122726556183e+03
2.211412763117350835e+02
4.952130691576455206e+02
6.910813670980179268e+03
5.597230136971468710e+03
2.695608936389587598e+03
8.500830712276749182e+03
4.638572215645789584e+03
7.946375007141422202e+02
3.899403109934644363e+01
3.016291804960366335e+03
9.292949213481304469e+03
4.157662921560475297e+03
8.754738371552810349e+03
8.801037454752269696e+03
4.320939272736378371e+03
2.862845903318876481e+03
1.869797033798916800e+03
6.306784836044081203e+03
7.492843186340210195e+03
4.955653660983619375e+03
6.884549666622725454e+03
7.097399399191649536e+03
9.497046959928884462e+03
2.507542936876195654e+03
9.011413740927812341e+02
7.154226809750437496e+03
4.623764330871730635e+03
5.201087342497988175e+03
9.915146938427184068e+03
8.536222419513838759e+03
9.582787327102079871e+03
2.102203524274726533e+03
8.287605529159209254e+03
2.941284737791497264e+03
7.564456704707888548e+02
4.200318605245334766e+03
8.550603856305648151e+03
1.345341321027110098e+03
2.167193882139834386e+03
1.828695906396507098e+03
7.977318353817365278e+03
8.485442734487969574e+03
6.123594076304207192e+03
7.844470748077928874e+03
9.347283300553883237e+03
1.221111151734693976e+03
1.678587339667920446e+02
6.287761522432863785e+03
8.994193545677182556e+03
7.808768869708688726e+03
6.816596989601915084e+03
9.245209012289096790e+03
7.491103175328516954e+02
7.077842758974074968e+03
3.915754933881462875e+03
1.702240478735669740e+03
3.519538728862944936e+03
3.388185327355287200e+02
3.774279862741198940e+03
2.710436331960764619e+03
6.300159457268054211e+03
1.363831636963590654e+03
8.514117938732440962e+03
9.051741776387543723e+03
6.161225313349395037e+03
5.054968112122333878e+03
3.208905393163187910e+03
6.225885600647215142e+03
5.729667468562939575e+03
6.082659124075065847e+03
3.112001858357650235e+03
4.074108022116982738e+03
8.877592181740390060e+02
9.761106051565908274e+03
4.332980635874183463e+03
2.762949328946731839e+03
8.025154163919090934e+03
2.250800974301405404e+03
1.951266946513951780e+03
7.576948795867923764e+03
9.574573683657556103e+03
4.340205503558549026e+03
4.513437438389937597e+03
1.652595755234027365e+03
7.795622963554391390e+03
6.074625666461005494e+03
9.038788358749119652e+03
7.645920791143040333e+03
2.291845144423621605e+03
6.870412434310957906e+03
4.308363039905161713e+03
8.212029913111005953e+03
6.223061405093862959e+03
4.364051700339590752e+03
3.999505575672596478e+03
1.115243875725122962e+03
